1.31188348e+17 316 178 90 142
1.31188348e+17 318 176 90 140
1.31188348e+17 318 174 90 146
1.31188348e+17 312 168 98 152
1.31188348e+17 316 170 92 146
1.31188348e+17 318 168 92 144
1.31188348e+17 316 168 96 152
1.31188348e+17 318 164 96 152
1.31188348e+17 318 162 96 150
1.31188348e+17 320 160 96 156
1.31188348e+17 320 156 98 144
1.31188348e+17 320 156 98 148
1.31188348e+17 324 150 96 150
1.31188348e+17 328 148 98 156
1.31188348e+17 330 142 104 154
1.31188348e+17 334 140 102 160
1.31188348e+17 336 138 100 166
1.31188348e+17 340 132 106 168
1.31188348e+17 344 128 104 170
1.31188348e+17 348 126 108 176
1.31188348e+17 350 124 112 176
1.31188348e+17 354 124 114 176
1.31188348e+17 358 124 108 180
1.31188348e+17 360 124 112 180
1.31188348e+17 364 124 112 182
1.31188348e+17 366 126 120 182
1.31188348e+17 368 134 118 170
1.31188348e+17 370 142 120 164
1.31188348e+17 374 148 118 162
1.31188348e+17 376 152 118 162
1.31188348e+17 382 168 118 176
1.31188348e+17 388 186 114 162
1.31188348e+17 390 204 114 156
1.31188348e+17 394 218 112 142
1.31188348e+17 392 220 114 140
1.31188348e+17 392 220 114 124
1.31188348e+17 392 224 114 128
1.31188348e+17 378 222 126 170
1.31188348e+17 394 228 108 140
1.31188348e+17 378 230 124 170
1.31188348e+17 390 228 110 136
1.31188348e+17 390 234 110 122
1.31188348e+17 388 234 110 122
1.31188348e+17 390 238 104 118
1.31188348e+17 388 238 104 118
1.31188348e+17 388 242 104 114
1.31188348e+17 386 242 104 114
1.31188348e+17 386 242 102 114
1.31188348e+17 386 244 98 116
1.31188348e+17 384 246 102 114
1.31188348e+17 384 244 98 116
1.31188348e+17 382 248 96 112
1.31188348e+17 382 248 96 112
1.31188348e+17 382 248 92 112
1.31188348e+17 378 248 92 112
1.31188348e+17 378 248 90 112
1.31188348e+17 378 248 86 104
1.31188348e+17 374 246 84 106
1.31188348e+17 372 246 84 110
1.31188348e+17 370 246 84 102
1.31188348e+17 368 244 80 104
1.31188348e+17 370 246 74 102
1.31188348e+17 370 244 72 104
1.31188348e+17 366 244 74 104
1.31188348e+17 366 242 70 106
1.31188348e+17 364 244 70 104
1.31188348e+17 362 242 70 106
1.31188348e+17 362 240 70 108
1.31188348e+17 362 244 68 104
1.31188348e+17 360 242 68 106
1.31188348e+17 358 244 68 104
1.31188348e+17 358 244 70 104
1.31188348e+17 358 244 70 104
1.31188348e+17 358 246 68 102
1.31188348e+17 358 246 66 102
1.31188348e+17 356 248 68 100
1.31188348e+17 354 248 70 100
1.31188348e+17 356 248 68 100
1.31188348e+17 354 248 70 100
1.31188348e+17 354 246 70 102
1.31188348e+17 352 246 68 102
1.31188348e+17 350 246 70 102
1.31188348e+17 348 246 70 102
1.31188348e+17 348 246 70 106
1.31188348e+17 348 248 68 108
1.31188348e+17 348 246 70 114
1.31188348e+17 348 248 68 112
1.31188348e+17 346 248 70 112
1.31188348e+17 346 248 70 112
1.31188348e+17 346 248 70 112
1.31188348e+17 348 244 68 116
1.31188348e+17 348 248 70 112
1.31188348e+17 346 248 70 108
1.31188348e+17 348 248 70 108
1.31188348e+17 348 248 68 104
