367.82114 319.84595 365.58814 286.98151 350.73312 311.01834 355.74817 299.50113 345.52686 286.06192 334.80151 268.6478 336.59592 249.35437 335.02933 217.13666 335.5809 208.79392 335.4458 197.95737 354.62134 246.87126 353.47611 221.01201 357.52881 236.49336 359.7673 253.14722 371.07471 245.99941 376.29807 232.31627 376.78561 249.97208 374.15384 262.75345 390.35642 249.35919 391.75104 252.11504 392.66003 266.73279 390.11624 274.99997
370.72778 318.98151 369.80447 281.31079 356.86359 309.85257 357.41971 294.57672 345.19577 284.83002 334.15201 268.76404 340.9462 244.73303 337.99277 212.40866 337.38236 198.31096 337.16098 186.47943 359.08621 241.29108 357.22186 215.84259 358.85394 233.33701 360.96466 250.07321 374.45886 240.33099 380.03738 222.37781 382.01724 240.04503 380.75977 255.59698 393.95358 243.06932 393.34058 250.09206 394.13153 264.70416 393.58029 273.32047
371.56567 318.31177 369.80447 281.31079 357.49323 309.09906 357.41971 294.57672 345.03043 284.21475 334.20911 269.03708 340.9462 244.73303 337.99277 212.40866 337.38236 198.31096 337.16098 186.47943 359.08621 241.29108 357.22186 215.84259 359.69531 233.15208 361.59116 249.73634 374.45886 240.33099 380.03738 222.37781 382.01724 240.04503 380.75977 255.59698 393.95358 243.06932 393.87317 249.56526 394.59808 264.16971 394.01654 272.82169
373.20407 317.74374 370.13269 280.50827 357.89392 308.31293 348.75619 292.82901 337.79932 282.80926 329.47006 270.40149 344.10339 239.2196 341.06839 206.80243 341.10278 192.9317 341.1355 179.73785 362.26401 236.95723 361.80457 212.8875 369.12549 230.11301 372.12433 245.3475 375.4606 239.23363 385.38318 220.67233 387.91898 238.51135 382.55609 255.08824 394.79248 242.43123 400.18683 239.88126 401.77264 253.20158 401.44711 263.86478
373.64288 317.24051 370.29779 280.10465 358.19598 307.72028 348.75619 292.82901 337.79932 282.80926 329.47006 270.40149 344.10339 239.2196 341.06839 206.80243 341.10278 192.9317 341.1355 179.73785 362.26401 236.95723 361.80457 212.8875 369.12549 230.11301 372.12433 245.3475 375.96137 238.68504 385.38318 220.67233 387.91898 238.51135 383.45432 254.83385 395.21146 242.11253 400.18683 239.88126 401.77264 253.20158 401.44711 263.86478
374.87787 316.30045 370.41629 279.79193 358.4342 307.22153 349.60202 292.70093 339.40863 282.64746 331.53375 270.16071 344.0177 239.05988 340.94562 206.69237 339.54529 195.37251 339.53772 183.21147 362.23773 236.79038 359.86163 214.32413 368.81287 230.87189 368.97787 246.82317 377.50153 236.86847 383.02991 221.28066 385.2854 239.08443 383.78101 254.64584 395.5441 241.82156 398.01682 244.00917 399.77808 258.61764 398.83164 267.46542
376.12039 315.35663 370.51346 279.59686 358.63364 306.83505 350.07187 292.33411 342.80392 281.09522 335.91315 268.13904 343.98804 238.97987 341.0506 206.85857 341.14612 194.68265 341.25537 181.56229 362.24737 236.70557 360.11435 214.28476 368.68485 231.24788 369.35788 246.91374 377.55151 236.78143 384.78369 219.73964 387.25555 237.45862 384.06134 254.02736 395.79303 241.62813 398.16916 244.06531 399.86969 258.63992 399.01932 267.54779
376.80365 314.79358 370.66876 279.45975 359.29523 306.15955 350.44067 292.06635 343.05814 280.5484 336.24676 267.4411 344.18451 238.83964 341.41394 206.8382 341.82709 194.58456 341.69916 181.75336 362.48282 236.61041 361.8418 213.54431 368.87338 231.42749 369.78915 246.95912 377.81869 236.72635 384.94391 219.24725 387.39661 236.87306 384.41901 253.59563 396.13892 241.52664 399.64703 242.59682 400.26794 258.60767 399.30737 267.776
377.40338 314.12814 371.24304 278.55273 359.8714 305.34961 351.79831 291.09103 342.88586 278.75729 336.23352 266.41568 344.41443 238.5137 342.63016 206.91789 342.02799 193.61556 341.31464 178.40216 362.75876 236.32967 362.07477 213.20876 369.08102 231.12972 372.02118 246.25806 378.13306 236.48737 385.24487 219.31947 387.61206 237.09164 384.73651 253.6131 397.37701 240.73035 400.67218 239.52234 402.0896 252.94347 401.03625 266.00775
378.10065 313.24316 371.70026 278.2648 360.90799 303.50446 352.74393 290.15738 343.47943 278.09689 337.20605 264.62503 346.12451 236.8607 345.03308 205.86548 344.15091 189.88187 343.32007 174.82779 363.69345 235.51099 364.57828 212.76433 372.17868 232.4243 372.73016 246.41634 379.17938 235.74472 386.15088 218.61392 388.83948 237.05618 386.6463 252.91617 398.55969 240.10785 403.23377 238.25595 404.37647 251.94453 402.73926 263.32873
378.75092 311.98706 373.87961 275.52435 361.21585 302.94321 355.5459 288.23798 345.16422 276.71457 336.76623 265.1843 347.80341 233.22649 347.95303 203.21655 348.03238 187.2984 348.10739 172.25638 366.36298 231.1859 372.82422 215.58128 380.13406 237.4404 379.0798 249.23514 381.85699 231.50673 389.91455 219.021 393.53595 237.71352 387.30841 252.99962 400.85907 233.57541 403.9509 238.341 405.40277 251.94243 403.65823 263.2868
379.33783 310.89404 376.22305 270.25046 361.97906 301.35959 357.10068 286.05039 346.06332 276.16742 337.58954 263.81363 349.27829 229.70818 349.81302 198.69888 349.97391 179.33192 350.57034 167.03171 367.79523 227.22276 375.52508 215.12662 382.27432 237.47798 380.80017 249.7809 383.20703 227.18877 395.69769 218.87695 397.26239 238.58504 391.13919 253.49095 403.84473 228.94203 406.46137 238.47784 408.08902 251.98633 406.31107 263.18756
380.13345 309.7677 377.11008 269.14691 364.85959 297.6777 358.7514 283.32385 348.32788 273.43973 338.61703 262.03751 350.81378 227.37869 350.92426 195.05095 351.09064 178.14 351.24737 162.2104 369.43704 224.44389 378.29501 212.36765 384.78388 235.1774 381.88138 249.06717 384.93451 224.06099 398.73578 216.56706 400.14621 236.60788 393.58289 252.56448 404.17123 227.7485 409.74609 237.1897 411.52976 250.43082 409.53439 262.5264
382.46668 305.42432 379.40546 264.65039 366.52631 292.9245 357.40921 281.53616 345.64825 274.72342 339.13776 264.26587 357.5621 218.09282 356.64285 185.9366 356.21442 168.86703 355.80811 152.67892 376.41235 217.30864 391.26105 208.31842 393.94977 232.56316 387.99698 246.95401 391.76331 218.75851 406.07935 207.61533 410.13513 227.98933 405.51642 240.23338 407.33792 225.66441 415.61441 238.2202 414.38391 249.58727 411.69757 262.63278
383.42987 302.86996 380.34488 263.43478 366.93127 291.64285 356.9454 280.19678 347.47199 274.09088 341.17084 263.53091 358.85416 217.05029 358.26889 184.59634 358.02106 167.35712 357.78589 151.00082 377.72787 216.2861 393.33807 207.16885 396.08749 231.58656 390.21314 246.41235 393.07297 217.76717 408.11594 206.49052 412.23703 226.99887 407.3309 239.3452 411.47492 223.84824 417.41794 237.32542 418.50217 250.08968 414.30951 261.91516
383.37979 303.76901 383.24896 262.02508 368.71213 289.04486 372.54822 281.23419 361.22052 268.95532 351.12106 254.3642 360.6424 216.68056 361.28186 184.3239 361.65857 167.0235 362.01703 150.56104 379.46899 215.86887 396.59763 205.44545 400.17465 229.89368 394.68262 245.66113 394.75259 217.34248 409.53445 205.78314 415.99591 225.33774 408.97189 239.10394 412.11328 223.90756 424.95306 231.76006 427.45709 246.18509 424.54507 249.53119
384.59634 302.50601 384.26099 263.17953 369.47354 289.56793 373.4118 283.49075 363.70758 275.00043 353.03424 257.63858 362.67154 218.40781 363.92062 185.75592 364.59064 168.24066 363.44916 150.84503 381.50787 217.58057 393.27945 193.10506 403.77527 213.51569 402.9068 229.5143 396.7684 219.06673 414.54694 206.23467 419.56503 226.8376 412.33783 239.82723 414.26849 224.45903 426.70572 233.72434 428.9617 248.1414 425.87796 251.14059
386.6984 299.99524 387.07919 264.43414 371.52625 289.37845 376.42819 285.38632 365.29926 274.96594 355.56149 260.90543 365.66184 216.36765 367.06851 181.58264 367.8215 162.96268 367.43436 148.38611 384.9917 215.43597 395.94598 189.75612 406.89636 211.22827 404.34582 228.5107 400.57315 216.9026 420.07398 205.36928 424.8338 227.06889 417.04907 241.57777 419.06995 223.17349 431.72076 233.56216 433.59695 248.24034 428.60361 251.75928
388.09274 299.19434 394.39893 257.55487 373.2583 288.40677 377.65189 283.03156 366.61191 274.00638 356.53598 260.7229 371.74979 211.9361 375.42038 178.26198 377.40772 160.02988 379.31213 142.55878 391.33307 210.14224 405.05991 187.03688 414.70987 210.31801 409.06372 226.83398 407.1369 210.916 429.1091 205.28917 428.01883 227.48491 421.18375 241.08534 425.88934 216.36589 434.54968 233.5332 436.13409 248.82141 432.58527 251.80896
389.83203 298.1467 395.53876 257.61505 376.04486 288.16266 380.52673 281.71707 368.39828 274.82944 359.62799 262.01657 374.27167 212.40729 378.77573 178.85724 381.23041 160.57283 381.41806 142.76215 392.62738 210.09828 409.37775 187.99757 417.13336 211.27589 411.57852 227.19601 408.44055 210.66229 431.36438 205.79405 433.52014 228.65985 423.34524 241.59712 427.15247 215.88003 439.30585 233.79791 440.52414 249.71761 434.45404 252.18468
393.74426 297.69824 397.98563 257.60821 378.65939 287.2836 383.39044 283.6879 373.21759 278.03354 365.51074 266.72305 377.13599 212.16428 382.42596 178.12444 385.32306 159.48242 385.81833 142.2373 397.37671 209.5435 413.9928 188.82044 424.06519 214.4205 418.65176 228.88358 413.60062 209.71168 438.45563 207.63419 440.16632 231.42139 429.66959 243.37505 432.62476 214.53902 446.6911 232.14479 444.34088 248.03136 440.20645 250.81123
395.33331 297.33139 401.5542 257.8884 381.88355 286.16519 386.79114 285.25421 377.37 280.60742 370.09647 269.71655 379.20254 212.32901 387.57376 178.4368 391.20688 159.89049 391.37354 141.67758 399.59808 209.52577 417.34753 188.96771 431.15094 215.25194 423.71545 230.49539 415.93726 209.56915 441.46137 207.78828 443.4343 231.84843 434.59839 244.46545 435.08227 214.28902 452.98944 229.50078 451.78217 244.68362 444.0145 246.69025
399.16626 295.68189 403.59265 258.72064 385.90088 285.95279 390.81442 287.2598 381.83423 282.70517 374.71402 271.71445 381.96771 213.07765 388.06043 178.91272 391.5184 160.16473 394.87848 141.94763 402.28479 209.90595 422.10715 190.21727 432.96612 216.79256 428.66919 232.45042 418.47147 209.68974 446.29181 209.18103 448.59924 233.63817 439.55502 247.16051 437.29672 214.1492 452.95517 236.12172 451.05563 247.22614 443.92252 246.98914
403.09961 295.13809 405.78085 259.67651 388.15668 286.89981 386.08392 285.52206 381.85721 282.8327 375.52936 272.02155 389.25165 213.95238 395.57983 176.79108 399.87192 157.0351 399.7211 140.20009 409.8819 210.56958 428.21793 184.04968 442.43033 210.12515 439.6236 228.15376 426.09399 210.25049 458.19351 211.96878 459.44458 237.57611 445.13367 250.90079 444.53909 214.6787 461.34119 237.96574 458.13266 252.60223 448.32959 247.554
405.121 296.46158 409.72217 261.89505 390.52002 288.82721 387.96735 287.18555 383.69717 283.83344 377.50732 272.2027 391.49951 215.27477 397.9144 176.99255 402.49182 156.82419 407.53964 137.7188 412.03296 211.89426 430.97534 184.4436 445.82816 210.51183 442.92682 228.87979 428.09912 211.60124 461.59338 212.82799 462.76105 238.71063 451.70416 253.81929 446.2655 216.09233 464.04297 239.18784 460.70114 254.30904 452.94211 252.67522
407.6424 299.77118 412.151 264.60586 393.4989 292.37738 392.82962 289.68231 388.28522 282.69153 380.53815 270.55087 394.29108 215.27461 403.11719 177.4061 407.77725 156.98032 411.4198 137.03033 415.1152 212.57211 435.73383 185.22693 450.63254 212.21065 447.78555 231.34395 431.35077 212.90352 466.91766 198.89239 469.9873 225.35091 456.26459 240.60181 449.63254 218.28284 468.13534 241.638 468.12415 259.86383 457.88101 257.60596
410.3808 302.66257 414.79629 266.44159 395.72415 295.4632 394.09314 291.60471 389.22543 285.38797 381.84622 271.13995 395.77191 215.0304 404.57443 180.02939 408.97223 159.63297 412.82001 138.21004 417.37067 212.60436 440.43378 188.00063 453.57831 215.26456 450.95645 234.82547 435.95361 213.65056 470.88196 200.71933 472.00333 226.71637 458.17279 241.87222 455.41418 219.20012 471.69687 243.81039 470.35577 260.81415 462.95917 261.03714
413.00998 306.49686 417.65106 269.52197 396.83569 297.22244 395.7092 295.858 390.53149 290.68323 382.76901 274.0361 397.09979 218.18735 408.09534 186.64395 414.17691 167.50411 420.22107 148.48186 419.59699 215.24356 441.86151 190.49762 456.74609 219.56603 453.63232 239.24087 437.24664 215.49263 472.17157 202.63669 475.3924 230.315 461.466 245.80837 457.28803 221.01683 475.54163 246.8712 474.16199 263.78177 466.88684 263.28418
413.37399 304.52902 419.28803 269.13248 398.46109 297.59576 403.25659 298.05225 397.91272 295.66547 385.5011 279.30127 399.51819 222.16667 409.18604 187.511 414.69611 167.75948 420.17087 148.13454 422.21768 217.43806 444.8653 193.7298 461.50806 222.97539 459.4101 243.06711 440.03861 216.22607 476.29224 206.75273 479.73813 235.04887 463.80435 247.48367 460.2619 219.95882 483.83978 242.87527 484.33606 261.15527 472.39334 263.77805
415.99329 306.95911 422.04642 271.29031 401.03272 300.16895 404.66528 305.01965 399.966 303.40906 388.53833 285.02451 405.26822 228.29991 416.03967 193.38597 422.23163 173.31575 424.18344 150.45648 425.75522 219.67606 453.53308 200.89575 472.31815 231.70067 467.6882 247.9762 443.16025 217.02924 485.41211 215.72404 485.72095 241.17929 470.9306 254.22284 462.71262 219.039 485.99918 245.8465 486.39728 264.11447 474.79291 265.16528
418.3569 309.85303 425.25214 277.82898 402.08014 302.3783 407.64468 315.58695 404.99045 316.26224 397.71527 305.74011 408.2431 238.56561 421.3345 205.05911 428.9054 185.68192 436.50818 166.2231 429.92316 230.78391 459.18866 212.14208 478.6618 243.58078 476.63806 263.12073 446.59964 227.19093 490.12698 225.79939 493.38208 255.07626 475.06909 262.30029 464.96545 228.12186 490.97235 257.41425 490.81958 275.28754 480.4133 271.70123
419.39777 311.53174 426.91956 284.9881 405.97327 308.09531 409.46658 316.0072 407.58817 314.38644 402.79422 303.16641 409.46137 249.7919 417.65891 217.61984 426.73337 203.44679 436.36783 189.46368 431.29672 239.91275 461.4635 221.17061 480.99243 247.78206 478.65839 267.35678 448.16211 234.55631 493.91821 242.42525 494.88507 271.20373 476.12897 278.70389 465.88504 230.67255 492.69043 259.98236 492.60291 278.10046 482.6037 278.41974
389.37082 334.06091 409.27387 306.40283 384.40008 333.98569 397.10507 331.29071 409.5188 328.40112 418.95029 317.58038 424.15277 276.09149 430.3255 242.82634 433.87961 223.67296 440.84341 206.86879 437.84656 266.69702 460.97308 227.36942 491.42969 247.73657 493.23639 270.84119 446.81244 261.51437 482.15939 246.80633 496.6955 271.3894 488.8728 286.25263 453.86697 259.65494 476.32361 297.54196 466.51959 306.94635 458.38471 314.7496
396.23926 338.16382 418.61978 313.62808 391.25027 339.12811 410.16425 341.93622 421.91156 339.46887 426.4248 328.12903 428.664 285.06757 429.68976 253.94681 430.28107 236.00752 434.60269 220.01566 439.38184 269.56455 459.44293 229.91515 491.2832 248.42716 494.80624 270.98795 447.95734 263.19733 482.01526 247.36937 500.12451 270.7774 491.65469 285.47082 454.88431 260.11789 483.77014 295.45963 473.62036 303.27734 461.3349 311.59595
397.90988 339.71686 418.09628 314.11917 392.573 340.74744 406.81546 341.70657 411.35107 338.77875 416.51706 322.25797 427.8566 285.21716 428.92267 253.62911 431.39316 236.60713 438.61694 222.70067 440.9921 273.19672 459.31451 231.2968 491.24335 249.79138 495.07089 272.40628 448.81516 264.55283 481.13397 247.42651 498.80475 270.78864 492.64551 285.88117 456.13416 261.36762 481.49323 297.85584 471.43701 306.10037 462.50739 312.04047
398.23636 340.49469 415.13174 312.24771 392.6691 341.53513 402.12436 341.31189 409.8161 338.49622 415.13831 323.76239 426.48773 285.06708 427.34399 253.252 430.31143 236.49063 438.3757 223.22546 439.43414 271.61713 457.39099 233.27048 488.89426 250.57761 494.28918 272.85638 448.49597 265.10757 480.98419 248.53235 498.85272 271.72327 492.26398 286.86539 456.06836 261.88977 481.55633 298.38678 471.50714 306.47916 462.51886 312.17346
398.97537 342.25775 415.06897 312.71338 392.8577 342.52557 403.6207 340.01148 419.25281 327.9433 432.03684 313.80286 417.05994 273.57629 412.24225 233.83131 436.03864 244.67915 448.47449 266.75149 435.3244 266.14749 460.70569 231.95544 490.85205 261.05219 492.58655 277.74982 446.06442 263.38751 481.10095 248.75281 498.70599 272.2171 491.66324 287.54486 455.711 262.00116 482.35089 298.20007 472.29422 306.13654 463.67462 311.80048
399.42664 343.98315 415.64838 315.22952 392.60709 343.8046 403.41641 340.56677 414.26062 336.88913 429.73343 321.43732 409.02643 279.80933 400.47699 241.57783 422.57941 254.25345 434.67453 275.72797 426.74347 271.30191 459.23654 234.59078 488.55991 262.56574 487.61563 285.67242 441.69385 264.48822 479.97937 249.85149 496.28149 274.86575 488.18262 291.75922 454.15369 264.30432 481.64331 299.1926 473.88672 307.37274 464.25134 311.91659
398.21442 344.20038 409.32904 319.72818 391.13336 344.11957 396.96802 349.35605 407.39377 351.31955 418.30023 345.26639 411.57416 293.99756 412.52747 262.32611 432.12305 270.98886 447.20371 293.45654 429.04028 284.31513 448.51074 248.9001 482.32507 263.97388 487.29559 286.3493 441.31653 278.66547 461.40387 251.28723 483.79254 271.53397 487.81015 290.98035 452.68799 275.94556 471.84885 315.15848 461.04117 322.89435 451.04956 327.05692
397.75641 344.96011 404.2804 320.74152 390.91364 346.43002 396.0398 351.45541 406.89627 354.14111 417.98978 348.54938 393.93899 290.02719 408.76663 270.47589 430.17746 273.14844 447.61539 293.99829 412.2684 279.59094 411.35095 236.59062 438.00577 251.98303 446.31506 273.82953 425.88428 273.55627 459.71039 254.12143 482.84638 272.70654 487.2486 293.23538 440.02875 270.85986 466.59833 302.45074 463.95688 320.86456 457.10126 328.08096
397.40311 345.54617 403.49264 320.83054 389.91556 346.88693 395.73239 352.15067 406.73157 355.07513 417.88705 349.63592 393.93899 290.02719 408.76663 270.47589 429.53302 273.86374 447.75348 294.18002 412.2684 279.59094 411.35095 236.59062 438.00577 251.98303 446.31506 273.82953 425.88428 273.55627 459.15222 255.05563 482.5333 273.09454 487.05383 293.93924 440.02875 270.85986 466.59833 302.45074 464.94135 320.1792 459.15179 328.42792
399.66907 347.71588 404.90167 321.53873 391.36331 348.23877 396.39075 353.90027 408.37039 356.61978 427.38129 349.73474 392.76105 291.52872 403.97577 280.59213 424.7688 289.31693 444.28723 307.99039 411.00867 280.25757 410.04132 237.32669 436.81268 251.26836 446.1409 272.95789 424.76904 273.56995 456.15253 255.48972 481.03821 271.71277 486.7149 292.6438 439.46567 270.15195 465.91571 301.73868 465.54401 317.59039 458.67831 324.72943
402.32867 350.48877 409.23114 324.34186 389.97284 352.84036 399.67255 355.16425 413.06879 356.08893 437.00623 350.62686 390.49091 295.24615 403.88483 280.94809 424.68985 289.17725 444.31204 307.42304 408.18945 282.27033 405.93268 239.3454 432.79623 249.38463 445.44669 272.08603 423.89984 273.90295 451.34262 252.85934 475.5734 267.26639 485.71295 293.14484 438.74194 270.08878 465.29156 301.32776 465.13568 317.25729 461.35693 327.39453
412.3642 354.08673 410.40021 324.1983 398.79791 355.74011 402.22955 355.21838 413.86298 355.51862 437.21408 349.14697 390.0813 295.48383 402.11829 280.82486 415.84241 283.2793 445.20526 294.85147 407.64166 282.21826 406.04181 240.5092 432.94415 251.28844 445.17725 272.76154 421.39484 273.94907 450.49283 253.24809 474.60828 267.70987 484.9454 292.91537 437.09393 268.74115 465.01743 300.27533 465.29901 316.24731 462.01764 326.66592
413.35666 353.2623 410.88095 323.44141 399.51785 354.92587 402.85175 353.97446 414.2171 354.45062 437.18875 347.71256 389.68228 294.87244 403.68115 291.96857 420.10547 298.14233 443.21426 309.77371 407.40549 281.57782 406.23498 240.08699 432.88858 251.87993 444.45441 273.07254 421.33783 273.26733 450.36411 252.32329 474.09924 267.21228 483.38336 292.85168 438.21674 268.93662 464.97412 299.42212 466.02179 312.28577 462.49625 325.72278
407.14294 352.17642 410.43957 323.19852 399.26691 354.65143 401.98059 353.83124 414.38397 354.00369 437.36191 347.14917 388.83304 294.99298 401.81665 290.97211 417.74207 295.94263 441.65707 309.64035 406.75806 281.51648 413.14945 253.63481 441.05289 270.2417 453.15509 289.28796 420.61157 273.13385 449.16956 251.83409 472.57709 266.90942 481.0932 291.00528 436.53452 267.76074 463.52179 297.45367 464.00458 312.74762 462.19983 325.01758
407.68222 352.09271 410.14655 323.03729 399.10034 354.46924 402.04996 353.62964 414.49469 353.70721 437.46518 346.8132 388.47449 294.98813 401.19788 290.64139 416.95727 295.21216 440.72516 309.56055 406.32831 281.47577 413.14945 253.63481 441.05289 270.2417 453.15509 289.28796 420.12952 273.04523 448.85922 251.61513 472.16321 266.81296 479.05371 290.90781 436.0076 267.60614 463.0863 297.13239 463.60028 312.28983 461.97873 324.49152
408.53577 352.10849 409.71646 323.13849 398.63995 354.4621 401.71573 353.33075 413.74307 353.10828 436.22138 346.77325 388.04279 295.15295 404.37384 294.82208 422.94605 305.25336 441.7594 318.0365 405.50388 281.71417 413.21234 252.07979 440.20581 269.81934 449.53369 289.05518 419.28342 273.25775 449.04956 252.24318 469.01248 275.77985 466.99213 297.66547 435.19794 267.76102 462.34308 296.88013 463.07239 311.6583 461.23224 322.84049
407.84055 351.57593 408.48196 322.0545 394.616 352.96417 393.99762 349.52029 405.19757 348.88113 432.56305 344.37701 385.95373 294.53085 404.7738 296.64127 422.76578 304.77048 441.60303 321.15268 403.26944 281.33582 413.573 248.36995 438.31049 268.79581 441.56937 288.13718 416.88605 273.02698 448.50507 252.97318 467.79373 275.85236 465.05951 297.30621 432.51141 267.61539 457.59979 297.858 456.68417 310.20819 458.15326 320.71835
408.67264 351.14685 403.92618 320.59463 396.56775 352.97873 392.33798 345.99493 404.40207 345.33508 426.50894 340.03665 384.35474 292.70184 404.21713 296.7316 421.80841 305.67914 440.63971 321.9765 401.87369 280.40872 413.95294 249.00056 438.22208 269.72632 441.20697 288.84094 416.17383 273.40259 452.97443 264.79477 467.64447 287.88266 461.11081 306.31628 431.79919 268.3913 455.68713 297.8977 454.2948 309.75949 455.16272 320.45242
409.5307 350.95883 402.51962 319.85931 395.93671 352.41049 393.53229 346.73257 405.79913 346.08017 426.70624 340.5592 384.35156 294.43127 402.97366 298.8381 420.22787 306.13425 439.51257 322.28455 401.98496 282.31192 412.35693 250.69293 436.5101 270.25925 439.48962 289.13672 415.42065 273.81781 451.75732 265.96982 466.43729 288.8284 460.17023 307.20947 430.9505 268.90213 455.38724 298.88721 454.12793 310.66913 453.0542 320.54279
408.46539 350.18893 401.86115 320.02808 390.24686 349.27658 390.74667 346.21756 402.30621 345.89203 425.33133 340.92203 382.79983 294.55081 400.16498 299.41504 414.61935 307.04034 436.29096 322.92923 400.72531 283.16202 410.04141 251.40717 432.45087 271.50406 437.3429 290.26941 414.77829 276.05295 449.81732 268.55014 463.5513 291.47336 458.40677 308.37012 430.72998 271.6593 454.85617 299.80106 454.06961 311.9173 453.16913 321.37103
407.30188 349.12073 401.40765 319.46124 389.5177 348.4834 390.10821 344.97147 401.70459 344.67129 424.50339 340.30942 382.94641 293.32446 400.29764 298.21793 413.89191 304.95938 435.16269 321.69547 400.92157 282.26132 410.71936 250.6311 432.79608 270.884 436.99237 289.80457 414.98724 275.40482 450.07108 268.25806 463.44705 291.24149 457.81085 308.36404 430.89887 271.29395 453.88992 300.11978 453.17719 312.4147 452.77771 321.55008
402.67358 346.86969 400.85681 319.09772 388.16797 346.78226 389.15506 342.9697 400.6308 342.71729 421.99884 338.85333 382.10019 291.78571 398.13821 296.88879 410.06879 302.86865 427.80035 319.11939 400.40115 281.33264 409.12274 249.43019 430.31287 269.35132 434.49811 288.50513 414.75 274.91834 448.90393 268.58667 461.53778 291.63232 455.85565 308.85748 431.0094 271.26328 453.44717 300.06207 452.82709 312.31232 452.57135 322.15384
400.92422 345.3158 399.71271 317.58575 387.27106 345.50116 391.62921 340.56604 409.66211 339.59036 431.56802 335.76157 381.14362 289.24194 382.39923 277.55734 395.74851 287.3952 411.55695 304.22101 399.73688 279.66827 406.47565 246.76393 426.63083 265.54434 432.73776 287.12909 414.36084 273.91144 447.09244 268.26038 460.327 291.03186 453.81525 308.89874 430.99133 270.96683 451.81482 299.92911 450.97504 312.05527 450.24451 322.25873
402.83688 346.46933 403.25623 317.91122 388.18768 345.54834 391.48294 339.83093 409.8476 338.28549 431.94812 335.13858 380.9747 286.34131 382.46359 276.8345 396.0976 286.99988 411.73688 303.55698 399.96899 277.7832 407.83582 245.57182 426.56546 264.51977 429.94534 284.06714 415.06543 272.89414 446.18176 268.46149 457.64069 291.30212 452.24646 308.34613 432.10168 271.07651 451.33234 299.60898 450.53366 311.63153 450.18771 321.87915
403.51303 347.60754 401.67853 318.42737 389.34503 347.1178 396.43805 335.79547 401.20172 322.03595 402.36725 305.59619 374.57983 272.55121 388.95395 264.94589 405.78418 278.37909 421.08283 294.31769 394.36011 267.97668 408.18774 244.2588 425.68658 264.78592 428.09143 283.71838 410.41034 266.68295 438.8591 271.31937 448.10422 294.53784 447.30084 308.35928 431.62613 270.7204 448.85645 284.5336 451.30481 299.03369 453.20691 316.89612
403.20377 348.16525 401.22049 317.95517 388.63904 346.62424 394.43442 334.13794 400.87897 319.86618 401.30185 302.86417 374.35208 272.05884 387.70386 264.01779 403.73425 276.88916 418.71295 292.36505 394.26398 268.09232 408.20139 242.79381 422.57504 265.08359 425.24515 283.52896 412.21137 269.00174 437.68814 271.58914 446.35925 294.81335 443.25806 308.55987 431.34064 271.14819 447.61707 283.48096 448.33295 299.04761 440.11108 305.55533
403.75369 348.92621 401.26041 317.66364 388.76581 346.43124 394.07941 333.53632 397.52209 320.11523 398.67047 302.57538 374.53662 271.36166 388.80072 263.77862 406.21231 280.46082 412.00668 295.60547 394.18955 267.33359 408.79388 242.37144 423.30441 265.02347 425.11008 283.39697 410.10684 266.45407 438.00745 271.89349 444.37543 295.53177 438.59561 308.00147 430.52435 270.45007 446.91614 283.33276 446.95917 299.13406 438.95883 304.27856
404.33411 349.42355 401.23984 317.15048 388.93665 346.11954 394.02435 331.54437 396.86398 317.08936 391.47482 300.5968 373.66592 270.55908 391.46243 265.61581 406.61206 282.66467 412.9885 297.60742 392.90085 266.19302 413.26675 254.29746 425.34845 279.88644 421.0896 292.04816 407.56174 263.6153 436.83331 271.69504 443.8443 294.86697 436.0271 307.01291 426.09198 266.42148 444.71686 281.87408 446.17828 298.56012 438.72351 303.32028
404.19498 349.95975 399.64392 315.88263 388.49326 345.75436 393.32342 330.47342 394.04468 312.23468 387.63623 295.44916 372.32358 270.54453 391.06784 266.84549 405.88586 283.6788 412.27405 297.69842 388.16779 265.31519 411.77698 253.90929 423.60324 279.28946 418.97906 291.84534 402.79889 263.61191 430.74231 270.87653 440.36679 293.37747 432.72089 306.03357 417.20331 267.91553 436.3981 281.42032 440.78693 297.46738 435.86865 302.62512
403.95001 349.77765 394.32678 311.45297 387.67319 344.20477 384.43225 323.82428 389.04746 310.16931 386.44525 293.99228 371.04266 265.24863 389.96954 263.08627 402.36157 280.6879 395.89179 287.35666 388.81577 261.16748 415.08649 255.38242 421.76724 280.17071 415.52374 291.87836 403.03851 260.11594 431.55063 268.5227 438.02841 290.86182 431.68655 305.01358 419.86566 263.328 436.04724 281.56522 435.71481 297.87671 429.37933 303.40442
403.41907 349.74622 393.21106 310.15836 386.97125 343.3136 384.36636 323.28351 388.61954 309.81412 387.51529 293.89533 370.65372 264.79718 390.6846 259.22141 400.84628 277.66244 396.18439 286.45429 387.87039 260.81516 415.36099 254.35049 421.95435 280.47464 414.99298 291.36542 401.08307 261.48431 431.93216 265.30039 437.91095 287.42151 429.96692 303.41242 417.79349 263.16962 435.31754 281.00247 435.58279 297.12649 430.30594 303.36972
401.7533 348.88599 390.93918 307.76151 385.96811 342.53326 383.80026 322.34412 385.85507 308.15891 382.81628 289.76468 369.23032 264.84921 390.38614 259.47601 400.36993 277.72052 395.46463 286.62878 386.02222 260.80334 413.67029 254.09021 420.492 279.76007 412.93457 291.18951 397.63968 259.62915 426.25372 270.91165 430.99567 292.7836 423.96198 302.36212 413.00439 262.88904 432.77896 279.22891 435.14728 296.06879 430.13565 303.37531
401.25131 349.16974 390.28455 307.74084 385.40784 342.10938 383.51874 321.87701 385.30878 307.19522 381.84744 289.10944 368.5231 264.87506 390.23822 259.60217 400.13419 277.74924 395.10812 286.71524 385.10523 260.79748 413.02292 254.34166 419.90735 279.89536 412.37921 291.17041 396.80255 259.64148 426.25372 270.91165 430.99567 292.7836 422.70496 303.01358 412.10089 262.84821 432.06677 278.87354 434.93152 295.54477 430.37085 303.3884
400.25269 349.24341 389.84305 306.77988 383.61749 340.58386 379.8399 311.39706 383.50787 291.96649 379.79294 273.79828 367.40054 257.7486 397.09222 267.15533 399.86533 283.82523 392.86871 287.42783 383.50653 254.87682 413.5607 253.75194 420.5109 279.42676 412.81036 290.73611 395.52908 258.05438 426.43073 270.4418 431.0275 292.33655 422.04224 302.90518 411.92761 261.94263 431.0206 276.71139 434.25876 292.49554 430.66892 302.73584
398.04727 347.13284 388.3653 305.2095 378.29587 334.67319 377.01267 309.96826 380.15277 291.36063 376.65222 273.45062 367.01321 256.48581 394.4183 267.49036 397.16119 283.89545 388.64777 287.67279 383.83926 254.04065 412.55896 255.04105 417.4425 281.0068 411.47022 290.8999 397.20367 254.29686 425.82202 270.75699 429.8537 292.67926 419.10242 303.60239 413.82602 260.34918 431.6998 277.23599 434.43323 293.07669 430.50876 302.50983
394.85254 343.94244 387.11334 303.77881 377.3132 333.63367 373.09772 308.94852 375.1637 291.56574 374.37674 274.03742 365.69577 255.89615 389.22409 266.01331 393.36749 282.73401 388.01477 287.3923 383.38477 253.77686 411.23874 254.12709 412.57825 280.97424 404.45877 290.12076 397.07666 254.43803 425.30417 269.87207 428.03238 285.5069 419.90433 290.65237 411.97595 260.62408 422.76321 274.47574 411.16238 285.34915 402.0542 286.86331
391.8804 342.3338 385.84366 303.25403 376.05389 332.73901 374.10043 309.3168 374.83554 291.79785 370.8389 274.5415 364.83533 255.74704 385.26523 264.2374 392.24048 282.62653 387.66589 288.2453 382.65503 253.924 405.0639 261.13919 406.66824 285.18567 402.39969 289.9567 396.82358 254.62144 424.50378 269.57599 426.32593 286.50177 418.2998 291.5542 412.02933 260.69705 421.46109 275.17328 409.80945 285.85413 400.84006 287.41425
389.85034 340.41473 383.20508 300.34427 375.26746 331.98996 376.47983 308.7793 374.18671 290.31604 368.76291 273.30075 363.58667 255.54468 384.57803 265.95306 390.23789 284.91717 386.53702 289.10101 381.5484 254.32548 405.06476 260.72839 406.83884 284.64993 398.73242 289.26611 395.84302 255.47421 420.75238 269.39172 424.0354 289.16803 417.42422 291.97714 412.84592 260.61408 421.10086 275.18066 409.54712 285.81259 400.70966 287.48236
389.24683 339.9693 383.16791 300.29761 374.64349 331.39569 376.61066 308.36249 374.18607 289.67914 368.66327 272.64416 363.73407 255.57484 384.81186 266.50946 390.23789 284.91717 386.4303 289.62354 381.65878 254.36203 405.06506 260.59305 406.89508 284.4733 398.84387 289.14355 395.93173 255.51163 420.81744 269.81162 424.0354 289.16803 416.99188 292.18597 412.82489 260.77338 420.92242 275.18433 409.41715 285.79199 400.64502 287.51614
387.89084 339.18307 382.95093 300.28632 372.84921 330.12192 376.91675 307.35748 373.89825 288.0643 367.94809 271.02341 363.46314 255.58658 383.68515 267.96506 377.81256 287.66275 369.2326 292.92957 381.34103 254.45276 404.32495 261.70404 405.77506 285.15814 397.78207 289.33639 395.61163 255.65491 420.15576 270.30536 423.13455 288.75461 415.22308 292.13666 412.34894 261.37463 419.73474 274.97351 408.52493 285.89908 400.25378 287.91425
386.83368 338.4054 382.80695 300.27884 371.5986 328.96722 376.94006 307.26837 373.75568 287.88763 367.69037 270.86227 363.18301 255.56267 382.89426 268.1416 377.81256 287.66275 369.2326 292.92957 381.07398 254.46184 403.95688 262.38956 405.16422 285.67163 397.14587 289.55261 395.36466 255.6893 419.76199 270.13709 422.68597 288.54874 414.73554 291.80865 412.14288 261.4389 419.40652 274.86307 408.33368 285.87628 399.9939 288.17871
385.74356 337.6069 382.27008 300.2421 369.29358 326.58786 377.01956 307.22528 373.44144 287.40301 367.60666 270.83087 362.15277 255.54692 379.78827 268.71338 376.99515 287.61133 368.59213 292.82858 380.12482 254.68755 403.24109 262.20706 404.51889 285.50708 396.68283 289.5058 395.14682 255.89432 419.13174 270.24588 422.01337 288.62311 413.6868 291.60309 411.97681 261.73154 419.28674 274.73248 408.31174 285.78809 399.85614 288.60352
384.66541 336.81717 382.0676 300.26959 369.03412 326.49557 377.0723 307.19672 373.49643 287.42383 367.55124 270.81012 362.05551 255.57446 379.41666 268.73596 376.58923 287.58578 368.27408 292.77844 380.04871 254.78626 402.76648 262.08606 404.09061 285.39786 396.37546 289.4747 395.00232 256.0303 418.71356 270.31805 421.56702 288.67246 413.30902 291.57043 411.86658 261.92581 419.20721 274.64575 408.3186 285.80783 399.75308 288.92136
383.8335 336.26886 381.15921 301.42709 368.42651 326.3829 372.96887 312.97278 372.02994 297.90283 369.50922 282.65894 355.4144 264.69879 366.10901 274.06769 369.54385 292.99777 367.25522 300.91742 374.55377 261.56549 386.81406 261.85507 390.23526 286.09818 386.50064 292.5708 390.37036 260.98608 407.2229 278.52496 414.14764 294.76987 412.89395 292.08484 411.56033 262.27518 410.78601 281.26593 401.23175 291.10431 397.37784 292.48456
384.12012 336.22778 381.20486 301.93234 368.57251 326.60303 372.96887 312.97278 372.02994 297.90283 369.50922 282.65894 355.4144 264.69879 366.10901 274.06769 369.54385 292.99777 367.25522 300.91742 374.55377 261.56549 386.81406 261.85507 390.23526 286.09818 386.50064 292.5708 390.37036 260.98608 407.2229 278.52496 414.14764 294.76987 412.58377 292.46927 411.33102 262.53684 410.78601 281.26593 401.23175 291.10431 396.55615 293.15616
384.1463 336.17685 381.32962 302.323 368.7074 326.78305 373.13461 313.15082 372.30084 298.20154 369.86768 283.01907 355.80746 264.88568 366.51669 274.44736 369.86533 293.35931 367.51834 301.1879 374.93307 261.81363 386.97348 260.68411 390.59625 284.97516 391.60815 290.72458 390.72818 261.27976 406.99106 277.65274 414.1911 294.24722 412.47751 292.80066 411.25601 262.85419 411.065 281.71387 401.46436 291.46222 396.18802 293.72385
384.6434 336.15796 381.345 303.68936 368.85794 327.50742 372.49576 313.64548 367.04456 301.24176 360.5596 286.71188 355.3818 265.23822 364.37225 261.83691 366.79367 280.68689 367.28534 292.08405 374.39114 262.01849 379.83258 252.07231 388.789 274.69333 388.2731 287.98163 390.10556 261.36002 404.98123 274.18988 413.66541 293.1846 412.22424 292.92633 410.01294 264.0423 410.65814 281.33069 401.20331 291.38562 394.08453 295.56372
385.07278 336.1452 381.48901 303.707 369.2167 327.68561 371.76953 313.87283 366.63324 301.39365 360.57809 286.89429 355.44086 265.41205 365.42822 261.6749 367.86218 280.4892 365.84073 290.89499 374.34976 262.10687 379.97494 249.98399 389.21674 272.20682 389.29688 283.2869 389.98572 261.37561 405.06338 273.49698 415.29919 291.44922 411.79236 293.01373 409.79211 263.95322 410.71988 281.03021 401.34479 291.26749 394.21106 295.58621
385.41699 336.24536 381.36551 303.94067 369.37811 328.00324 369.12 315.42078 366.10062 302.0275 360.1189 287.59381 355.17264 265.85419 366.27722 273.36289 368.83191 291.33649 365.69583 296.02704 373.71399 262.86627 379.30237 249.85104 388.7601 271.86762 389.00165 283.15567 389.16061 261.91782 405.49307 275.12219 413.42462 292.12824 411.20575 293.19119 407.32864 264.60089 410.30133 280.86078 401.17719 291.37048 394.04947 295.79627
385.80118 336.31342 381.27759 304.10699 369.50305 328.24908 368.80902 315.65836 365.83484 302.34378 359.88971 287.94296 354.98178 266.16882 366.13471 272.71735 368.2818 290.43494 365.29919 295.79315 373.41425 263.10712 378.96719 249.78479 388.53226 271.69836 388.85425 283.09015 388.81879 262.08865 405.18744 274.85504 413.24133 291.89331 410.90543 293.59384 407.06387 264.74945 410.07724 280.85217 401.05789 291.44379 393.93442 295.94577
386.18094 336.38068 381.21185 304.23145 369.6026 328.44504 368.58118 315.47748 365.59784 301.92151 359.647 287.43304 354.83899 266.40418 366.04016 272.28912 368.00818 289.98651 365.00302 295.61844 373.21484 263.2673 378.76645 249.74512 388.39569 271.59692 388.76587 283.05087 388.59146 262.20224 402.00394 270.05002 411.35596 287.72012 410.63098 293.75665 406.90524 264.83844 411.24799 279.03864 401.57416 291.25812 394.34967 296.23895
386.70206 336.45874 381.1608 304.32803 369.94104 328.87665 368.42953 315.35709 365.44022 301.64063 359.48572 287.09412 354.72821 266.58682 365.97287 271.98431 367.84445 289.7182 364.77338 295.48303 373.07266 263.38156 378.63275 249.71869 388.30472 271.52936 388.70697 283.02469 388.42938 262.28326 401.52191 269.23773 411.10916 286.95532 410.49078 293.83313 406.79959 264.8977 411.76596 278.54752 401.97592 291.11365 394.67337 296.46753
386.96146 336.52359 380.76187 304.39743 369.99881 329.33093 367.38651 315.30255 365.20581 301.49219 359.4494 286.9046 352.91949 268.14279 364.65671 270.55334 366.30798 288.97644 362.08252 294.60599 371.25885 264.08102 377.71658 250.64088 387.44196 272.47809 387.76517 285.97919 386.47864 262.70996 398.76977 267.05524 409.02286 284.75598 409.92368 293.75452 405.29117 265.04446 412.24628 276.05161 402.58435 290.50269 395.24109 296.64722
386.64761 336.40976 380.29156 304.422 369.72101 329.38422 367.61282 315.11713 365.05637 301.31415 359.29837 286.75037 352.629 267.86862 364.70761 271.51144 365.91318 289.27475 361.6485 294.83078 370.98517 263.8002 377.20291 250.63289 387.4321 271.96808 388.04199 284.39777 386.21393 262.42197 398.11792 266.86417 408.39139 284.55633 409.49466 293.35342 404.6427 264.80338 411.68295 276.55176 402.45526 290.53229 395.61307 297.17984
386.43356 336.29199 379.76419 304.62241 369.44376 329.4801 367.07635 315.36694 364.67688 304.0177 359.20547 287.35767 347.80847 270.30954 352.95224 278.5755 357.26477 296.66412 358.07495 299.36984 366.79804 264.99631 372.04114 266.53537 377.92297 289.84033 376.90161 296.48379 382.12662 263.15424 387.46765 272.27438 398.75021 289.65942 404.54852 292.41049 401.20373 264.82794 411.72101 275.52423 403.64081 289.77115 396.77225 298.4299
386.22421 336.16211 379.19174 304.77933 369.1496 329.56775 366.98801 315.56052 364.49698 304.37848 359.13135 287.84238 347.34119 270.88834 352.95224 278.5755 357.26477 296.66412 357.60449 300.50977 366.38638 265.56607 372.04114 266.53537 377.92297 289.84033 376.90161 296.48379 381.83359 263.66138 387.46765 272.27438 398.75021 289.65942 403.84772 293.18472 401.10706 265.23068 411.62628 275.38699 404.03949 289.28452 397.30029 299.09363
386.10645 336.07105 378.91336 305.00381 368.98438 329.63293 367.61005 316.17044 370.81943 307.73758 368.45203 294.73981 348.12906 270.72846 353.91296 279.07782 358.15921 297.18088 357.47678 303.22046 366.65988 266.1048 373.07013 267.10419 378.86322 290.43436 377.75586 296.99011 382.18274 264.1853 388.47125 272.87747 399.78442 290.37186 403.45749 297.31265 403.66052 265.48407 411.12827 277.2536 404.36023 289.6283 397.39246 299.62836
385.88946 336.01221 378.50739 305.25757 368.69614 329.72531 366.42578 316.86179 363.4303 306.29291 358.64462 291.48108 347.92471 271.70371 354.24347 279.37546 358.45758 297.48315 357.76852 303.46716 366.80026 266.47848 376.08173 274.98807 380.77789 297.51331 378.02216 298.02304 382.38013 264.54959 388.83392 273.23084 400.15958 290.78607 404.21381 298.263 403.62201 265.71039 411.21167 277.15631 404.71564 289.84824 397.41205 300.05002
385.72668 335.71164 378.22253 305.25021 368.4809 329.54273 364.91663 316.32871 356.3645 305.65274 357.43497 292.29196 348.31412 271.18753 354.56033 279.25009 358.75055 297.34851 358.31598 301.12643 366.91885 266.56702 376.33466 274.22134 380.91495 295.03107 378.23822 298.33978 384.00662 264.07309 389.1311 273.13934 400.45941 290.71085 405.57648 297.84711 403.30737 265.84369 411.4873 276.81308 404.28839 290.17602 397.44696 300.20929
385.56461 335.41232 377.93848 305.24289 368.26666 329.36102 364.58084 316.39102 356.3645 305.65274 356.23386 293.09708 348.38626 271.25177 354.77139 279.16663 358.94565 297.25882 358.40805 301.32449 367.00775 266.63339 376.4187 273.96649 380.99066 295.25458 378.38168 298.55014 383.5993 264.31009 389.32904 273.0784 400.65927 290.66071 405.04108 298.69403 402.99249 265.97711 411.76337 276.46924 404.74939 290.09119 397.47488 300.3367
385.427 335.14871 377.74503 305.23877 368.09415 329.18829 365.16644 316.41745 358.26257 306.11066 356.37564 291.94055 349.14856 270.91443 355.26239 278.99747 359.38858 297.10703 358.66959 301.42407 367.76608 266.38547 377.27155 274.60013 381.66071 296.93646 378.68426 298.84802 383.367 264.53159 389.82831 272.98785 401.15097 290.58893 407.41992 300.57727 402.84088 266.12552 411.84134 276.50812 404.9151 290.20407 397.69205 300.65686
385.28986 334.88602 377.55194 305.23468 367.92227 329.01617 364.7645 316.59503 358.2081 305.92169 355.70834 292.85101 348.82385 271.21683 356.62967 279.54044 360.57919 297.61203 358.81308 303.14703 367.48294 266.65064 380.0957 278.03363 382.5296 298.83905 379.5094 300.06778 383.13458 264.75324 389.7547 271.75864 401.36285 285.23199 407.6196 300.21179 402.68906 266.27411 411.9194 276.54703 405.08112 290.31717 397.90988 300.97803
385.38803 334.72464 377.69382 305.35248 368.00641 328.91357 364.51822 317.21295 358.11328 306.05646 355.51254 292.99402 348.94086 271.61035 356.66458 280.42203 360.76044 298.10083 358.96887 303.37918 367.66064 267.05154 380.03238 279.17071 383.24274 300.43848 379.54599 300.48804 383.37448 265.1463 389.84946 272.09265 401.14084 289.62906 407.69373 300.20914 403.01248 266.63586 412.56641 277.66379 405.37293 290.82117 398.18243 301.42068
