1.31188347e+17 312 244 102 136
1.31188347e+17 314 232 98 148
1.31188347e+17 314 222 98 158
1.31188347e+17 318 218 94 162
1.31188347e+17 320 206 94 176
1.31188347e+17 320 200 98 180
1.31188347e+17 322 190 100 190
1.31188347e+17 324 182 100 198
1.31188347e+17 326 168 102 212
1.31188347e+17 328 164 100 214
1.31188347e+17 328 160 104 220
1.31188347e+17 332 144 110 234
1.31188347e+17 338 138 106 236
1.31188347e+17 340 132 110 184
1.31188347e+17 342 126 118 186
1.31188347e+17 346 122 112 194
1.31188347e+17 350 118 114 198
1.31188347e+17 352 116 120 200
1.31188347e+17 358 116 116 200
1.31188347e+17 360 116 120 194
1.31188347e+17 364 120 118 196
1.31188347e+17 368 126 118 190
1.31188347e+17 372 138 118 190
1.31188347e+17 374 148 118 180
1.31188347e+17 376 160 120 168
1.31188347e+17 378 178 122 146
1.31188347e+17 378 192 126 168
1.31188347e+17 378 200 128 164
1.31188347e+17 380 212 128 148
1.31188347e+17 382 218 130 146
1.31188347e+17 384 224 128 148
1.31188347e+17 384 230 130 150
1.31188347e+17 384 236 130 148
1.31188347e+17 384 240 126 144
1.31188347e+17 384 242 124 142
1.31188347e+17 384 244 124 144
1.31188347e+17 384 246 118 142
1.31188347e+17 382 246 112 138
1.31188347e+17 380 248 108 140
1.31188347e+17 378 248 104 140
1.31188347e+17 374 248 102 140
1.31188347e+17 368 248 104 124
1.31188347e+17 366 246 98 126
1.31188347e+17 362 246 94 122
1.31188347e+17 358 244 92 124
1.31188347e+17 354 244 92 120
1.31188347e+17 352 240 88 124
1.31188347e+17 346 240 90 126
1.31188347e+17 344 238 86 114
1.31188347e+17 342 240 86 108
1.31188347e+17 340 240 84 108
1.31188347e+17 340 240 82 108
1.31188347e+17 338 240 82 112
1.31188347e+17 338 240 80 116
1.31188347e+17 338 242 80 114
1.31188347e+17 336 244 78 112
1.31188347e+17 336 246 76 110
1.31188347e+17 336 244 74 112
1.31188347e+17 334 246 74 110
1.31188347e+17 334 246 74 110
1.31188347e+17 336 248 72 108
1.31188347e+17 338 248 70 108
1.31188347e+17 336 246 74 106
1.31188347e+17 336 250 70 102
1.31188347e+17 334 250 72 102
1.31188347e+17 332 250 76 104
1.31188347e+17 332 250 76 102
1.31188347e+17 330 252 74 100
1.31188347e+17 330 254 72 102
1.31188347e+17 330 254 72 102
1.31188347e+17 330 252 72 108
1.31188347e+17 328 256 74 118
1.31188347e+17 328 258 72 114
1.31188347e+17 326 260 72 108
1.31188347e+17 324 260 74 108
1.31188347e+17 324 258 72 110
1.31188347e+17 312 252 86 116
1.31188347e+17 310 252 84 116
1.31188347e+17 310 250 84 114
1.31188347e+17 302 246 94 118
1.31188347e+17 300 240 94 140
1.31188347e+17 298 240 96 144
