375.72156 363.40753 370.97208 330.96472 359.68988 357.12994 342.95697 352.08676 328.81189 348.77512 319.47867 338.7056 352.983 292.93884 349.33984 258.78369 350.48956 261.46912 351.61639 264.10107 372.70358 294.15082 379.00058 306.85208 375.96353 329.60181 372.78363 330.93579 388.73407 297.4368 396.23218 305.18594 394.77005 325.26428 391.10513 329.01086 407.47092 305.77643 402.99274 326.84619 397.56766 340.37686 393.46011 348.74423
374.69113 361.79346 370.97208 322.4433 354.39828 347.83527 342.95697 343.21506 328.81189 339.50418 319.47867 329.23416 352.983 284.16293 349.33984 249.90863 350.48956 252.24409 351.61639 254.53304 372.70358 285.39172 379.00058 297.3038 375.96353 320.17731 372.78363 321.84094 388.73407 288.70624 396.23218 295.69229 394.77005 315.82681 391.10513 319.91406 407.47092 297.10837 402.99274 317.66531 397.56766 331.26611 393.46011 339.79483
369.59814 355.73108 370.83063 319.68796 354.35336 345.14105 342.45664 341.50818 328.62647 338.78506 319.32529 329.0672 352.26889 275.51874 347.78284 241.57465 347.82318 241.91635 347.86261 242.2504 371.74231 277.28156 373.33734 294.95581 370.25263 315.2363 368.63196 316.37698 387.72983 281.17285 391.66244 284.56631 392.41409 305.17365 391.08887 316.3074 406.73215 290.5961 401.08679 305.35083 397.72803 318.82236 395.88556 327.43683
369.8028 354.38919 371.08469 315.88709 354.48657 340.50327 345.89996 337.38846 333.46268 332.90179 325.18149 321.95154 352.71487 274.05112 348.30469 240.12666 348.4184 239.92357 348.52954 239.72504 372.21155 275.88232 374.5657 289.87128 370.78662 313.14618 370.29779 317.11685 388.21564 279.84644 392.83814 275.81903 393.81238 296.48364 391.76752 309.74048 407.24472 289.39456 401.71945 303.27533 398.33398 316.99579 396.44977 325.9563
370.72311 350.64603 373.19742 312.94205 355.27319 338.94534 347.29629 331.44656 333.00043 324.32211 324.08862 311.99234 357.23132 267.87451 349.87332 236.56224 350.20819 232.94365 349.35465 234.33649 376.82483 270.24048 377.5777 279.42535 374.21716 302.37408 372.78119 307.24512 392.93005 274.69455 398.00012 270.60617 392.68283 290.63251 388.5744 299.711 412.09811 284.95517 405.15137 296.50269 401.58862 310.62415 398.40485 322.33347
371.36652 349.4035 375.84296 309.6351 356.32712 335.75912 347.49969 330.00436 333.01187 322.93384 324.11151 310.57196 358.63956 266.00143 354.70844 229.85352 351.93707 230.85284 351.09628 229.56482 378.36093 268.67801 378.60907 278.46097 374.92838 301.40985 373.5567 306.06387 394.54636 273.40561 399.38736 269.86597 393.6748 289.98755 389.52621 298.84613 413.74158 284.02686 406.2702 295.94226 402.4848 310.02191 400.60422 319.48004
374.08441 345.13266 381.18652 301.79413 359.74277 330.0741 350.72336 322.28815 334.82831 314.89304 325.23981 302.17194 363.59607 256.90442 357.9444 222.15529 356.20486 220.73004 354.50186 219.33475 383.87814 259.75479 382.47906 267.19672 378.78903 291.34406 377.9845 297.20053 400.59238 264.71362 403.73932 261.00391 397.58508 281.73129 394.01096 290.83643 420.48032 275.798 411.17422 287.99506 407.38763 302.47427 405.79446 312.18726
377.11179 338.79285 381.82977 299.1131 363.09311 322.02548 353.48126 317.65799 343.26041 315.31622 336.80899 305.18518 366.59821 250.59427 358.68161 216.01894 356.88681 214.53883 354.81381 216.22601 386.94833 254.24194 386.16663 259.90021 381.32477 284.39038 380.32611 288.79834 403.59912 259.87363 405.25638 259.1481 399.12351 279.97812 395.45373 289.21054 421.82208 273.79819 415.55896 281.33707 411.58609 296.74405 407.79217 309.73572
379.00806 333.45596 382.87506 295.13077 363.46811 319.98578 362.26791 315.71863 354.22415 309.54816 349.40436 297.62146 366.77194 250.05553 361.26209 213.70184 358.98575 198.41164 356.81326 183.81886 387.26111 253.63438 395.22949 243.97435 391.77423 269.92096 387.8656 280.52142 404.00916 258.93903 413.60614 259.56763 408.10788 280.87683 399.06165 289.40289 423.5491 270.32617 429.09195 276.61166 416.10245 287.32886 408.75504 288.99527
379.50613 332.61548 383.02887 294.80395 363.8154 319.37424 362.16922 315.53149 353.75253 308.67514 348.60904 296.31647 365.86823 249.89117 360.51901 213.77594 358.09692 197.22421 355.80444 181.55838 386.82379 252.55779 394.01367 242.13907 390.98935 268.1333 387.3692 279.30701 403.85373 257.32873 412.84952 257.64935 407.62659 279.06116 400.99774 290.06158 423.70093 268.03159 428.81397 274.88077 415.96423 285.93362 408.67502 288.08328
380.10523 330.88739 384.29013 292.74762 364.75604 316.11337 363.39774 313.53622 355.6337 307.45792 350.49921 296.36688 369.19998 246.96408 365.73321 209.69014 364.09869 191.30615 362.56369 174.01576 390.83365 249.6777 399.9505 238.74847 397.0918 265.74414 389.77112 277.72436 408.3027 254.45232 418.56982 260.89972 412.20847 283.08859 402.17099 290.5448 428.40588 265.04779 437.04556 275.16916 424.02725 286.82663 411.65051 287.82825
381.26938 324.84985 387.08395 282.14121 366.55737 307.73874 367.64679 307.32135 362.42572 304.2229 357.18213 295.32401 371.2395 236.53621 369.28561 200.02246 368.25232 180.71294 367.27792 162.50331 393.25873 240.49072 399.2034 222.59308 397.01422 249.20302 394.07745 263.57599 411.01593 246.37405 424.9715 227.92477 420.55847 248.94634 412.89154 264.55121 431.33951 258.46832 439.86975 265.70218 426.8259 278.11676 416.16412 285.18048
382.15466 323.08789 389.52234 281.28665 367.75613 305.71689 369.3909 306.53174 363.8093 303.11011 361.35867 292.73084 377.00748 233.07636 371.0267 197.65698 369.4082 178.0567 367.88412 159.6001 399.45175 237.81943 405.17642 219.28601 402.05347 246.44135 396.47928 262.43759 417.52591 244.42719 431.70422 225.53383 426.36115 246.90727 415.53928 263.72665 438.11685 257.53156 445.96692 264.72794 432.21188 277.15659 420.1651 281.30899
387.40088 314.6759 399.18655 273.8569 371.37088 300.79544 377.94339 305.172 366.84375 299.71198 362.07587 289.72775 381.18405 225.07118 375.88495 187.62381 373.05734 167.64179 370.37457 148.68329 404.50269 228.8152 409.72864 214.82237 406.81241 242.75272 401.27319 259.85172 423.48395 234.75563 424.86496 204.71199 426.35574 224.35019 426.46097 245.8472 445.49313 247.39328 432.42017 263.95169 420.01141 272.10159 417.81241 271.13986
390.00031 313.47028 400.78729 273.07706 376.18259 298.25024 380.77841 305.42798 369.28122 301.68887 362.48627 289.57223 383.34399 223.31221 381.17151 183.84041 380.009 162.71835 378.9039 142.63956 407.56793 226.82465 413.62091 214.64313 410.63913 244.33185 405.41531 258.95328 427.28864 232.61514 429.45456 203.34767 431.04306 224.67276 428.61615 246.1674 450.125 245.12943 437.06992 264.36194 424.08078 272.04117 419.73636 270.54959
394.35709 311.28449 403.09961 271.14847 380.02194 295.63473 381.89487 303.70068 371.8602 295.97287 365.1821 282.19183 384.03229 221.64094 381.77277 181.8622 380.56168 160.54082 379.40912 140.24988 408.47186 225.27187 416.05521 205.02516 413.4679 233.93333 408.53272 255.6889 428.35919 231.18971 430.47092 201.59889 432.06668 223.20642 431.9118 245.30302 451.36401 243.91176 438.1037 263.32562 425.04581 271.18048 422.69855 269.11942
399.21509 309.36932 406.39182 269.73334 382.91376 294.62659 388.15961 301.77634 377.4447 296.7551 367.79721 282.63348 388.33676 218.65146 385.62375 177.29542 384.17319 155.97137 382.77692 135.53403 413.99545 221.8826 421.4071 201.45747 419.64072 231.41032 412.92304 250.91138 434.91806 227.58858 437.39825 196.01308 439.65195 218.34737 436.24585 242.91483 459.17816 240.27773 447.18585 261.0751 433.02188 269.3945 430.04352 266.89273
403.32733 309.83173 408.59259 271.12137 386.54947 297.18448 378.02448 299.85193 370.17282 299.89218 365.0007 290.40045 385.69327 218.71851 385.89273 174.92282 386.56412 152.43567 384.94989 133.16937 411.76749 220.05887 424.62781 200.59192 428.9534 231.87593 420.69788 250.75421 433.88269 225.99179 438.18066 194.9718 446.55261 217.37543 444.0769 241.53799 458.1759 237.96281 473.97717 243.10483 459.53925 258.68213 446.23636 263.76556
403.82214 309.40436 408.98184 269.53839 386.43555 296.78827 390.16809 296.6391 386.98321 292.12503 385.01236 279.45267 387.51788 217.03668 389.31345 172.14842 391.12756 149.4872 392.89731 127.37975 414.34357 218.11539 430.2511 196.66336 434.36499 229.37317 427.46844 250.45734 435.80484 222.1588 444.49902 191.63803 452.47781 215.0043 450.74145 240.6927 460.17636 232.96712 476.91333 244.15099 466.21533 261.84717 448.71335 264.94019
406.8985 311.20584 411.63446 267.35699 387.29797 297.69226 397.09747 303.85797 386.52219 293.48498 383.63403 278.67017 391.74124 209.22055 393.13541 173.27237 393.93066 152.76737 394.72128 132.38171 416.83502 215.13503 431.23935 198.23022 434.62714 231.58879 430.10565 251.40823 438.7005 220.04787 449.05994 193.00406 456.7677 218.19218 455.20373 241.25382 467.30701 231.38211 479.0144 238.08849 465.15027 256.34641 452.68573 265.16592
408.78592 311.42169 416.03415 267.83157 388.89783 297.95367 397.66638 303.87793 388.8266 296.73004 384.66046 282.53992 393.69022 214.08957 395.35873 177.13876 396.3381 156.03018 395.98898 133.63702 422.40173 215.37955 436.69708 194.23743 441.53079 227.78066 437.57669 250.30351 445.57715 219.84518 454.67328 195.29189 462.72147 221.78944 460.15927 244.57739 472.18793 231.66806 488.51523 243.4807 473.84323 262.17218 457.30194 266.06241
410.36511 312.04724 417.12576 268.67313 391.1102 298.11823 398.44592 304.87985 390.71143 300.79498 384.84546 284.43417 393.3212 214.36816 394.11401 176.87903 394.59027 155.46632 395.0658 134.08711 422.34534 215.50147 435.74774 193.68616 440.60776 227.36072 437.02588 250.23747 445.85773 219.88049 454.07495 194.685 462.34235 220.41542 463.49264 246.69562 472.99426 231.69458 477.9649 251.86897 461.98114 268.10904 456.02548 266.87189
415.6676 315.72205 419.51996 272.71204 394.3465 302.16467 404.67944 317.31424 397.53546 313.94385 389.74933 293.99902 390.67426 224.56389 389.25726 186.02559 388.47748 164.00282 387.6987 142.00858 420.27374 223.2142 434.3027 196.31441 441.18396 230.20607 438.23505 252.57967 445.30521 222.76379 452.85397 196.54654 462.99225 221.32675 466.18201 249.12776 473.33472 233.52512 479.53351 253.70783 464.01337 270.7034 456.85455 270.27768
417.41382 317.50989 421.32227 276.96719 395.94354 304.93469 400.08884 312.66998 397.39691 311.29758 395.76843 299.24551 393.08859 231.72076 400.52704 197.7258 404.89722 177.75331 409.33734 157.46097 422.20142 227.30855 438.61939 205.69959 454.41763 242.39033 454.5542 265.10495 445.03644 226.43773 453.41083 202.19258 473.04868 230.72131 474.81302 254.24939 473.12036 233.61079 498.22607 250.60693 482.3027 269.71396 461.31403 270.9765
419.97375 318.27954 424.23895 280.31299 399.96594 308.67926 406.87412 317.28827 401.22992 315.7204 398.97318 302.52277 392.27927 232.53891 401.41 205.86551 407.349 189.45046 413.45526 172.57306 421.91873 227.1024 444.67398 226.99825 450.81104 267.24896 443.30844 276.95074 446.06079 226.16991 456.41974 207.41792 474.08191 234.0092 481.77747 260.49057 474.36383 231.70482 490.56009 255.95674 479.30426 278.42807 466.27325 282.73831
427.56091 323.13855 434.44678 284.73184 406.90698 316.94202 420.04633 320.05579 423.84009 316.38284 427.19501 303.54321 393.75522 235.8746 403.95422 210.56056 410.1275 195.23834 416.54288 179.31531 424.46799 227.62592 452.35443 232.20349 461.07739 273.34894 447.92157 279.82452 449.86368 224.62047 463.34357 212.37674 485.5899 240.17394 488.82404 264.89847 480.38452 228.13974 496.35159 255.80333 488.30347 280.41901 471.4325 284.30841
429.30789 323.17163 433.49176 283.24027 408.33298 317.31842 416.47003 320.22339 409.25732 321.13821 407.46695 311.61786 393.82596 236.55298 405.67505 214.56021 417.5545 211.93977 429.27445 207.95123 424.66428 227.77464 454.36575 236.57744 462.37805 277.2619 449.80939 282.19269 450.05444 224.27377 465.40643 215.90796 487.72241 244.86188 491.9707 267.54651 480.31848 227.07129 496.96362 257.50479 488.43616 281.80453 472.93219 284.94592
430.71271 323.70267 433.20438 283.96503 409.4407 318.25324 415.60406 321.36252 409.74872 322.29288 408.94083 312.7493 393.5437 238.25426 406.85419 220.7975 416.93787 213.97794 428.6716 209.89619 424.35821 229.07118 456.12143 242.65645 463.87888 282.79517 450.867 284.21661 449.71143 225.22067 466.94556 220.99875 489.71811 250.89349 493.61389 269.47501 479.89233 227.56049 497.08774 258.84216 488.59564 283.11957 473.77411 285.96115
428.34711 323.63934 425.5202 295.66049 408.7933 320.17871 407.88455 331.0632 410.1929 324.85181 410.7099 314.83322 394.82666 252.12357 405.26923 225.32875 415.69247 218.88159 428.25147 212.38213 424.43799 243.13153 458.46817 247.05983 467.23938 287.31082 455.41186 291.53961 447.89606 239.42125 453.22607 210.01007 476.57718 236.81818 487.04462 263.56857 474.39746 241.66422 498.56769 273.9946 487.71887 296.49197 475.4812 289.50174
429.80032 326.58795 425.17963 295.83502 408.22357 321.72583 407.69977 333.33392 410.60324 334.02463 413.7092 324.30118 393.32153 247.74728 404.78781 227.51309 415.30136 226.24788 430.28342 235.78452 423.45691 242.37024 460.40674 251.97414 466.36093 292.44965 453.74439 295.68805 447.29184 239.14662 461.46899 216.23068 484.8678 245.26427 490.28156 267.85162 474.38507 242.03856 497.09631 274.13446 487.48218 297.25577 473.47082 298.41663
429.72861 327.97565 426.1344 296.23346 409.20166 324.48856 408.41214 334.34375 411.18719 335.37115 415.44327 326.32428 393.98633 247.61745 404.85217 235.91766 417.97504 246.38428 432.70505 257.38132 424.56421 241.82489 463.43903 266.07404 463.1553 304.53668 452.14374 300.92078 448.64319 239.15732 467.29425 222.0694 489.2211 252.52205 491.41733 270.47852 476.0491 242.78146 496.43463 276.66763 487.57501 299.66299 474.70612 300.51331
431.13959 330.99207 426.54816 296.76425 408.87808 325.72028 408.58038 335.07932 411.2251 336.15744 415.96933 327.3635 393.88059 247.22172 408.83398 256.84467 418.29111 263.72293 436.81552 291.60803 424.61169 241.47292 459.50149 265.25934 461.44379 304.35144 449.12567 304.58456 448.995 239.35109 470.42352 235.00644 488.08936 267.70703 491.99646 279.22998 476.89477 243.68974 494.25867 279.36655 486.98248 302.50351 475.39429 301.85925
432.3046 333.39935 427.082 298.1135 408.1232 329.80655 410.42291 340.55359 414.0206 346.51538 417.40497 332.53842 393.99139 249.5717 409.1582 266.30466 418.75912 274.25458 437.38727 296.73321 424.59329 242.58519 458.28711 267.61017 461.32501 306.60773 449.83997 309.56259 449.13364 240.58093 475.45621 254.0069 491.54297 286.27472 487.70865 297.57288 479.31781 247.10931 493.25629 283.65259 486.95789 306.39862 477.79117 306.90125
431.56534 341.83112 428.70801 303.41998 406.54816 337.19009 411.93076 346.3508 415.85358 349.04236 418.33383 334.53381 393.33511 252.74828 411.03674 268.78595 421.99686 277.45465 441.39694 305.09671 424.207 246.65875 456.10791 273.64346 462.09576 312.67355 451.04089 313.76151 449.19385 247.02626 481.80713 269.80246 494.21591 300.07932 486.95969 301.68918 478.61029 252.46258 493.18512 285.17252 487.20996 307.45569 478.43683 308.57037
430.53827 345.70468 429.53357 307.88117 407.16168 339.02844 412.31329 348.03082 416.32233 350.54407 421.12759 342.27368 393.23608 256.89938 417.15619 285.88907 431.55316 300.73086 450.21054 328.00183 424.08554 250.47682 456.0307 275.897 462.50162 314.80954 452.51508 318.68805 449.16147 248.97906 481.44714 272.28723 494.24969 302.32275 486.64166 307.63739 478.6076 254.23993 493.04791 290.10465 488.04102 311.55713 480.22852 313.55633
430.44855 347.37906 428.70206 311.3851 407.04797 340.5036 413.53983 351.68014 417.93301 352.70514 421.63904 342.13855 393.03854 262.20029 415.86435 286.6781 429.6358 301.44623 447.4187 328.65576 423.49777 256.23676 454.97711 276.65308 461.63843 315.63885 451.98935 320.0542 448.2587 255.04482 479.12598 277.10791 491.55884 306.78714 485.0426 309.73489 477.33548 260.55182 491.17731 295.92123 486.29257 316.46759 479.44135 317.21732
431.19489 352.29135 426.80911 313.81036 407.50183 346.15143 411.97769 352.52756 415.81708 352.37634 420.21011 342.19208 390.43634 264.13654 410.89563 288.45065 423.18475 303.05524 427.82568 333.60785 420.565 259.04147 447.3945 279.96704 455.40015 318.78378 450.58389 322.92065 445.11728 258.47592 473.09631 280.66199 485.29443 309.8916 481.82071 312.9639 474.02209 264.60785 485.59241 299.35348 480.93146 319.32211 476.79535 320.24048
431.10074 350.89059 424.45605 313.96234 408.10333 348.36469 411.84692 352.48694 413.71533 353.29849 414.33524 343.72876 380.17313 270.25324 402.5292 287.60681 409.44583 308.00403 414.00336 334.88956 413.46634 260.59985 437.43726 281.28674 449.08047 318.11984 446.19537 324.03433 432.95013 256.64261 456.34351 275.14996 473.99158 301.44556 477.00504 311.79999 462.80075 257.93338 478.79254 296.23199 476.48969 315.51679 473.2316 318.87375
431.6925 352.50385 422.77499 312.18903 406.82684 349.41129 406.21359 348.93475 402.14877 350.45581 404.85046 343.01434 380.90256 269.44986 394.51962 293.40961 402.28033 314.03073 409.74493 338.07873 409.69064 261.31952 429.59262 282.2243 441.7746 317.54346 438.74271 322.88876 434.00034 257.93027 454.00897 276.80795 470.24011 303.71014 471.90891 310.91327 464.03229 260.22559 473.5318 294.70178 472.37405 313.50809 470.02417 317.71515
431.0191 352.11151 421.2973 311.93543 406.13623 348.67651 404.99579 346.74631 401.62219 346.30881 397.56708 336.00775 380.10889 268.64121 394.08359 292.84714 402.42963 313.15002 408.50885 338.474 408.76022 261.51883 426.55685 282.10385 436.55765 317.25354 436.63531 322.53204 432.91776 258.9014 450.65088 277.50885 465.40381 304.74976 467.49023 308.84778 462.65772 262.02725 470.08887 296.16122 468.2381 314.88098 466.75983 315.47492
429.99115 354.62753 419.09808 311.36749 405.98749 346.52026 402.46008 343.54495 398.42865 340.65488 395.05881 333.01141 374.84595 268.94818 386.51617 290.42023 393.85135 308.97723 403.21179 338.49036 402.44449 261.38641 421.47855 280.15695 432.1059 314.63678 431.38165 321.50027 428.36823 258.45959 445.07565 275.37756 460.19397 301.95642 462.49506 308.83585 457.73517 261.15488 465.03638 293.8732 463.84531 312.54657 462.82822 315.60666
430.20941 352.65976 416.47369 309.34067 406.03363 345.67139 400.95975 340.90216 394.06073 337.20905 387.21045 325.29697 373.30844 269.17532 384.19153 291.57217 391.04553 308.96353 396.28864 334.98908 400.43753 260.97809 413.65021 277.83615 425.56714 311.06628 425.17761 317.4119 423.75537 257.30667 437.04248 272.60712 453.10733 298.14594 458.07959 305.91791 453.27844 258.92483 451.38129 285.92087 441.83926 306.10474 433.9126 310.4993
425.81082 350.59723 403.37543 315.55041 399.32101 343.93014 393.54584 341.43372 391.52011 336.20868 388.45694 323.87573 366.50214 276.95932 373.24194 287.6218 377.6954 300.14627 381.01297 326.17664 393.4169 271.65903 397.84277 281.29413 409.11127 313.61597 410.24207 318.03989 416.20856 270.11527 417.96957 278.17868 431.93433 303.89188 435.81366 308.96149 444.30576 273.76199 439.56763 306.93417 426.66864 319.34283 415.83569 329.76401
420.42688 348.91892 403.06436 314.02979 394.62796 342.65845 393.01083 339.64352 390.10153 334.35486 386.43845 322.10696 365.53888 276.00894 371.02072 286.38797 374.81836 298.64951 378.20413 324.29651 392.14456 270.5694 395.11346 279.95419 406.69955 311.84198 408.48434 316.28604 414.79242 268.87262 415.15729 276.74118 429.30603 302.09402 433.86496 307.16 442.91107 272.28635 437.62561 305.13391 425.23535 317.539 414.83276 327.95398
412.86572 349.89313 399.75449 313.3161 385.65088 342.81757 376.54941 334.37744 374.7713 326.10529 375.70523 313.09811 358.37973 268.88711 364.7738 275.64468 370.37408 292.72247 373.04517 317.62317 384.08655 264.66623 385.72815 257.27856 396.41248 285.35409 402.73047 306.87134 405.75674 264.1796 403.89688 256.36566 412.55328 270.76001 425.41135 294.98666 432.48126 269.38449 432.34723 299.76343 421.79968 313.14389 413.87512 326.15832
405.9201 349.84561 392.63226 310.90424 383.57654 342.66321 376.88693 332.72403 376.09332 323.17175 377.60397 309.32245 358.24078 267.2385 367.51767 267.49915 370.25699 289.34308 371.9816 312.62647 383.72717 263.01086 396.84219 276.09949 404.42017 304.92468 401.31528 306.85428 405.12274 262.55731 416.72159 269.72998 428.86533 293.90173 429.47235 301.46289 431.41855 267.84601 429.39774 293.20032 420.07639 308.12436 412.72846 322.46558
403.57221 349.55884 390.81421 310.11746 381.43176 342.14053 372.3721 328.63321 372.00629 317.53326 376.27399 307.16132 354.2359 265.1814 362.56043 266.33383 366.72299 286.47226 370.01385 311.04449 378.77789 261.21225 390.22391 265.41583 393.82483 296.62634 390.35477 303.05594 399.32105 260.92691 414.46301 255.16319 414.51971 282.02905 407.99374 293.74969 424.53546 266.31143 423.12643 288.95038 414.16263 304.10925 410.25803 319.32977
401.68066 349.08695 385.7692 307.9306 379.70624 341.58722 378.41199 327.21127 367.07135 311.71582 355.16492 294.94089 350.79037 265.12848 357.68527 255.39812 362.27835 272.65912 364.37054 294.95749 374.47751 260.73105 385.24329 262.06723 389.77731 292.44089 388.55887 301.42541 394.39063 260.03195 408.47223 252.20322 409.26889 278.10715 405.68976 292.07086 419.03851 264.80255 418.16336 285.19968 410.01614 300.58713 404.77002 315.13397
400.07724 348.45453 383.54971 305.90253 376.57813 340.24145 371.3635 325.59131 363.95786 311.5849 352.65891 294.83307 350.49933 263.33643 357.78055 253.38379 362.4115 270.50595 364.42548 292.59103 373.96555 259.1694 385.22537 260.15979 389.5047 290.33026 386.32114 298.0199 393.6633 258.66263 407.93265 250.90454 408.62024 276.53595 402.71756 288.96677 418.02429 263.6619 417.47504 282.81204 409.58807 298.35226 402.83234 311.45963
398.45721 347.89883 382.11935 305.43634 370.32141 337.81644 369.2876 325.26733 358.42822 311.15607 350.1326 294.69888 348.46014 261.99326 355.3255 251.78656 356.7749 269.78079 361.29776 290.59872 371.51437 258.05795 382.31918 258.52029 386.42355 288.1644 383.40832 296.14047 390.87512 257.71258 404.39185 249.9292 404.9848 275.01675 399.40393 287.49542 414.86035 262.85376 415.87393 278.09784 408.496 294.27091 402.42358 309.86481
394.948 346.56885 379.15854 304.46429 369.58835 337.32523 366.93817 323.30066 355.66422 308.1824 344.83606 291.51312 346.83618 262.45761 352.59879 251.75674 356.35821 268.97067 357.76157 289.91037 369.50137 258.64743 378.93634 258.2684 383.06238 287.33923 380.58322 295.52387 388.58313 258.3537 400.7182 249.96355 401.28598 274.48523 396.29016 287.05713 412.30716 263.47494 414.21713 275.4581 407.18018 292.00421 401.92957 308.82666
390.77838 344.72458 379.31113 303.68945 369.21368 336.20172 367.95688 322.27759 355.84476 307.65271 344.30014 291.77393 345.38678 264.13248 349.94522 253.23142 354.28717 269.77389 356.73648 290.14728 367.38144 259.26938 376.42877 260.22601 380.97928 289.85187 379.71674 295.65494 386.06622 258.02527 397.05777 250.65852 398.62659 274.64896 394.50046 286.58227 409.61444 261.85092 411.54804 273.32587 405.59638 289.88776 400.39789 304.15933
390.31738 343.31082 378.9299 303.12604 368.87112 335.05939 368.73959 322.86081 355.67575 309.88141 344.53284 293.02564 342.9541 266.59839 346.23236 255.87674 351.3786 271.87457 355.11578 291.64273 364.21429 260.37329 372.96213 262.98349 380.13046 290.08685 379.35962 298.37024 382.47507 257.91251 392.31085 251.84465 395.18585 275.32452 392.04456 286.50406 405.86316 260.0961 408.00531 271.43604 403.327 288.03012 399.23151 302.33862
390.02023 341.90347 377.99216 302.45636 369.62176 334.18625 367.25092 321.37759 353.60623 308.16974 343.56122 293.46771 342.15604 265.66467 343.16132 253.94696 347.43384 271.01514 350.40048 289.11414 362.98135 260.35672 367.50769 255.9791 374.75272 282.44098 377.0986 293.65646 380.98489 257.86545 389.44598 253.16191 392.18512 276.18903 389.59112 286.61572 404.16638 259.92569 405.18347 270.41647 400.83786 286.83066 397.04102 301.00989
389.84656 340.66788 376.36588 303.07245 369.76065 334.05841 365.28577 320.93152 351.58453 307.24793 341.65683 292.48816 341.16342 267.37369 342.49686 255.42157 346.85202 272.1835 349.7579 290.14731 361.68256 261.47058 365.7149 258.72553 373.80341 283.52539 373.88043 292.2702 377.95129 260.93304 386.01785 257.03836 388.39569 279.34506 387.11298 287.97702 400.46405 263.13882 401.07742 272.15576 396.87967 287.48355 393.29953 299.97226
389.11969 340.32617 374.10654 304.97089 368.04865 334.20264 362.75082 321.59732 349.65231 307.27399 340.31839 292.31982 340.82663 268.69736 342.36939 255.90781 345.57004 271.85553 348.30167 290.3457 360.74704 263.66568 364.60693 255.1965 371.67749 282.58069 371.77979 292.27664 378.12833 261.9202 385.75739 257.72855 387.5228 279.83758 384.93854 289.75482 400.41168 264.7496 400.39536 273.22534 395.90161 288.35773 392.10092 300.71945
387.53308 341.11719 373.19443 306.08508 366.58612 334.78332 360.49323 321.81317 348.57303 306.37176 340.2746 290.901 341.21195 269.43787 345.93494 263.0773 348.56607 280.74603 348.91721 297.35318 361.38214 265.42648 366.07324 256.69852 371.31802 282.13403 371.5751 292.87381 378.55194 264.66684 386.66284 260.45432 387.24838 282.26431 384.62457 291.14926 400.21439 271.00522 400.13483 276.59253 394.88464 291.30298 391.38184 302.24347
385.41742 341.12866 371.15704 306.19852 364.53995 334.67752 359.70776 320.42749 348.78909 304.49899 341.07788 289.65167 339.65109 269.54266 343.93118 259.77606 348.09329 278.93689 348.34625 293.56973 359.42801 265.56732 362.5112 247.80817 369.435 271.15765 370.03363 287.70828 376.19626 264.81619 386.17206 263.49536 384.9314 285.53427 382.21951 293.30096 394.53897 266.57809 398.8389 269.64755 394.07675 284.77612 390.21924 301.40271
384.51975 341.05267 370.58963 305.85965 363.83289 334.56091 359.68915 319.7944 348.81137 303.8931 341.47611 289.03235 339.00922 269.33444 343.81989 259.9129 347.93735 278.34012 348.41336 293.61359 358.66409 265.1871 362.5112 247.80817 369.435 271.15765 369.79672 286.57349 375.33954 264.28577 385.63339 263.82855 384.9314 285.53427 381.63422 293.11111 394.53897 266.57809 398.8389 269.64755 394.07675 284.77612 390.10693 300.43616
382.8193 341.19748 369.13489 305.93585 362.24652 334.98801 359.29077 318.35193 348.24017 302.28503 341.61847 287.70123 336.82678 269.74475 342.58939 261.69672 346.87588 278.54706 347.97336 294.91028 356.06992 265.0535 362.68213 262.27133 368.77603 286.52325 367.12003 294.78485 372.45288 263.66895 383.23401 264.25555 383.92801 285.20056 379.65558 292.65964 393.28629 266.74875 397.51697 269.25446 393.03867 284.40067 389.22369 299.22305
382.37445 341.17593 368.77862 305.90738 361.96005 335.00235 359.11121 318.26016 347.93491 302.08444 341.31891 287.33508 336.37656 270.15347 342.1427 262.38025 346.50327 279.23636 347.65717 295.48813 355.53479 265.36121 362.68213 262.27133 368.77603 286.52325 367.12003 294.78485 371.86307 263.88412 382.57355 264.14029 383.43036 285.03506 379.2464 292.62134 392.66501 266.83337 396.86172 269.05963 392.52368 284.21439 388.85675 298.69855
380.51031 341.18393 367.10803 304.95886 360.52667 334.49246 354.27066 308.8855 350.8374 288.28439 344.88284 271.44031 335.89114 269.93008 344.6297 268.96567 347.36871 286.74765 346.83072 298.75986 354.80374 265.36902 363.77508 262.59686 369.28207 286.83658 367.4856 295.23444 370.9126 264.05273 381.35681 264.47479 382.23038 285.14108 379.06702 293.0592 391.4274 267.13983 395.06439 269.36343 391.03546 284.41818 387.35907 296.96024
379.9278 340.86594 367.01398 304.47876 360.11548 334.04022 356.06436 308.65598 357.72281 287.73135 354.63419 270.46258 337.82736 266.91269 344.90442 268.77615 347.57379 286.53574 346.95572 299.41504 356.73669 263.47812 364.35199 262.10797 369.60043 286.31195 367.77936 295.00519 371.42316 263.79697 381.85474 264.0033 382.57117 284.61038 379.09961 293.01953 391.81778 267.18384 395.22665 269.81082 391.19489 285.77167 387.33643 296.96295
379.46494 340.61322 366.95789 304.19238 359.7977 333.69067 356.66135 308.57959 357.72281 287.73135 354.63419 270.46258 337.91498 266.84824 344.99579 268.7131 347.642 286.46524 347.03015 299.80524 356.81903 263.44135 364.69601 261.81641 369.79062 285.99857 367.95499 294.86813 371.72778 263.64435 382.15167 263.72208 382.77484 284.29318 379.1228 292.9913 392.05075 267.21008 395.32342 270.0777 391.22125 285.72726 387.36096 296.74896
377.83603 340.72565 365.99893 303.94998 358.63605 333.55054 356.03247 309.11365 357.75226 288.65109 355.10568 271.36301 337.707 267.45105 344.95468 267.40317 346.07257 281.8255 343.36545 291.79321 356.54056 264.26874 365.99033 261.90817 370.30728 285.94476 367.85385 295.20618 372.41476 264.07761 383.05447 263.27118 383.28265 283.54245 378.57068 293.164 390.74051 272.09296 393.27682 276.66522 388.40164 290.74707 386.56097 297.82983
376.48703 340.71817 365.4498 304.41364 358.06009 333.53912 343.32166 310.20486 343.82086 290.90408 344.44788 272.78686 337.53998 267.88471 345.05084 262.95755 346.1658 281.17197 343.27341 291.17731 355.53641 266.70062 364.07193 256.20254 371.46668 278.78946 368.95212 293.52966 371.04996 267.18899 382.73199 261.42651 383.39215 281.978 378.53412 293.05179 390.33835 272.388 393.12235 276.21365 388.23154 290.30313 385.67764 298.54123
375.57391 340.41046 363.46246 306.37421 357.28388 333.18982 342.80594 310.29651 342.50543 291.02173 341.68228 274.26849 336.30966 270.10172 341.91049 263.11945 344.60086 280.67358 342.53094 291.09238 355.01471 267.20789 362.51267 257.44678 369.80319 279.87167 368.48987 292.38446 370.46088 267.71808 380.91504 260.83258 381.39813 279.94672 378.25751 293.09152 389.73529 272.8952 391.60346 275.69159 387.42087 290.11008 383.36377 300.71872
374.28079 340.71771 362.31317 307.05057 355.73224 333.13455 340.90207 310.33707 341.39703 291.19006 340.48993 274.47522 336.14459 270.52072 347.01474 273.43536 354.53146 289.06195 356.73703 299.56308 354.34024 268.81821 363.47379 264.99814 367.61816 287.62473 365.3811 297.13702 369.05176 271.34045 379.13608 262.95889 379.34064 280.1951 376.27124 292.95923 387.70618 277.51929 388.55948 277.96286 384.5773 290.64148 382.23471 301.18887
373.21118 340.90323 361.55325 307.59354 354.07401 332.77817 340.6319 310.75803 341.40521 291.99851 340.42044 275.41577 335.42227 271.55118 341.79373 267.63059 350.49634 282.66702 350.78708 289.96335 353.32855 270.04639 362.50882 265.40839 367.63202 287.51248 366.32214 298.2746 368.33157 271.08875 377.91269 264.74539 376.89114 284.76361 374.51611 294.57263 387.04565 276.74625 387.68426 277.5365 383.02411 291.2308 380.08166 301.81921
372.14722 341.2756 361.32715 308.23694 353.75555 333.19965 339.80002 312.08502 341.17117 295.10998 340.21787 276.66425 334.9982 272.58258 341.41943 269.08682 350.20038 284.0871 350.52649 291.27847 352.86642 270.84253 361.4007 276.073 363.28812 298.56262 360.45084 304.98023 367.86414 271.68747 377.28833 264.13922 378.32251 280.01209 375.27679 294.19186 386.62 277.09772 387.19342 278.16211 382.75647 291.92059 379.76688 302.49152
371.37082 341.78833 360.78488 309.71106 353.72549 333.81039 339.90427 316.09271 340.06747 298.26282 338.06125 282.13998 332.20084 279.32117 336.03729 272.19141 348.01587 285.82461 349.76141 292.24463 350.80115 274.16254 359.45148 275.82721 362.40454 298.17014 360.22632 305.29565 365.74448 274.06836 374.76889 264.55084 376.99109 279.69617 374.33481 294.86584 385.26385 277.50729 385.37802 278.77423 381.7074 292.67184 378.71075 303.60773
369.99106 343.72711 361.67926 313.66242 352.76587 337.74036 343.78052 322.71756 337.97626 306.44321 334.72681 291.66244 333.17035 280.87216 335.13037 273.97492 345.36685 287.72522 348.94186 294.60168 350.58362 277.2182 358.58978 280.27228 362.83218 301.9491 360.71497 306.38052 365.44208 276.42041 373.14032 268.64902 376.23373 285.04779 373.83359 296.94113 384.8786 279.08777 387.3483 278.16061 383.27649 291.70569 379.09372 303.32645
370.24561 344.07608 361.9335 313.81436 352.68787 337.03821 343.81168 322.37381 338.03073 306.13733 334.7941 291.36926 333.51257 281.12695 334.87485 274.35477 345.15314 288.051 348.81494 295.04376 350.9126 277.40454 359.05823 277.91293 362.65295 299.92383 360.98035 306.75131 365.76099 276.55286 373.67883 266.85544 376.07617 284.95367 374.04074 296.89307 384.98953 279.30258 387.80115 277.95261 383.62747 291.44965 379.43329 302.89066
370.45425 344.36673 362.15228 313.90396 352.98099 337.47174 343.05209 322.84732 336.99768 307.28156 333.62115 292.80209 333.82584 281.19959 334.16852 273.74475 344.39441 286.6933 348.87549 294.04382 351.24676 277.47018 359.09186 281.42606 363.07309 302.92395 361.32117 308.00946 366.11084 276.61636 374.08826 266.14233 376.0593 282.71564 374.15881 297.03226 385.22342 279.45752 384.65381 286.42004 379.81009 299.45572 378.48465 304.63147
370.55588 344.87463 362.28336 313.95767 353.20761 337.80695 342.67191 323.08432 336.47967 307.85529 333.03207 293.52173 334.01385 281.24323 333.74493 273.37894 343.87311 286.32846 348.63855 294.051 351.44742 277.50961 359.30328 282.15396 363.16077 303.55975 361.42096 308.41388 366.32092 276.65448 374.04547 266.18796 376.08072 282.7319 374.24722 297.13651 385.37927 279.56079 384.65381 286.42004 379.81009 299.45572 378.10559 305.08945
370.72775 345.3352 362.29898 313.96951 353.38748 338.55621 342.4104 323.00821 336.13306 307.79004 332.65189 293.46771 334.03223 281.30832 334.96732 276.52887 345.27127 290.16577 348.12271 295.73889 351.46027 277.54675 359.27466 282.59271 363.09576 303.92139 361.40301 308.66486 366.41656 276.1337 373.89066 266.21332 375.98859 282.72678 374.23779 297.19748 385.5018 279.15006 384.7551 285.73023 380.0119 297.58459 378.36102 304.33917
370.8848 346.05652 362.81915 314.3042 354.37964 340.05762 335.87073 320.86316 323.30985 305.8609 317.03388 292.03186 341.63309 279.36883 344.15057 263.85193 349.06522 280.92694 348.5499 293.73404 359.29865 277.83731 360.66165 258.99735 367.45264 278.12839 367.15698 294.05884 373.98395 278.82086 369.62851 257.36411 377.67535 270.19199 382.87769 284.75241 391.94217 284.32474 397.50836 287.05783 390.37607 299.28836 384.61533 305.25833
370.44876 346.82455 361.89804 314.64667 353.70267 340.2392 334.92258 322.43024 322.18039 307.58502 315.8458 293.90955 334.4501 281.99298 338.62354 263.65488 345.7977 278.13629 348.01623 292.45895 351.76813 278.28915 355.10727 260.1488 365.78418 277.52316 367.44846 290.94174 366.14728 277.78296 364.97342 262.67792 375.18106 276.49737 381.03336 286.9429 382.68243 283.70364 388.16727 295.61169 387.67188 307.67114 385.52084 307.63748
369.76013 347.35651 358.41724 317.77033 353.16272 340.80463 334.05829 325.901 320.61914 311.02515 314.15628 297.46228 334.47693 285.41333 336.77341 263.63098 342.10638 275.35065 345.05496 290.30695 351.33261 282.29297 353.81586 261.26764 362.70779 276.62097 366.63245 291.0979 365.38565 281.92917 363.83783 263.70242 373.85312 277.10977 378.32428 290.03589 382.72022 285.67853 387.72073 296.55795 387.19031 308.87775 385.19769 309.3013
369.08551 347.76764 358.04605 318.45017 352.60175 341.24207 333.65277 326.53711 320.03284 311.59781 313.79547 298.03729 333.5972 287.38046 333.45972 262.12085 337.12585 268.29294 341.51013 285.96515 350.50369 284.26047 352.93823 261.63852 361.76965 276.52026 365.87766 291.17615 364.92529 282.58539 363.01553 264.04221 372.95666 277.31335 377.57504 290.35245 382.31671 286.33621 387.12976 296.87338 386.59155 309.28055 384.66266 309.85684
368.27069 348.14685 357.24814 318.55594 351.83398 341.50305 328.57965 325.02307 314.8978 308.42676 312.24802 296.36887 333.3602 285.01685 324.22836 254.44736 326.75629 251.68956 330.57907 262.48352 350.12247 282.80295 351.2359 262.55032 359.63193 276.48001 363.93146 291.42462 364.27939 282.65671 362.5365 264.1644 371.32709 277.7157 376.89493 290.60699 381.48566 287.68243 384.60025 296.04352 386.20905 308.87418 384.64282 309.84659
367.16412 348.64105 356.76379 318.78424 350.84821 341.85825 328.54257 325.41324 314.28958 308.80954 307.5173 294.67679 332.15039 286.10687 324.12512 254.87314 326.51569 251.51955 330.35181 261.66855 349.19925 283.50522 347.1413 258.02884 354.40698 267.82687 358.69961 283.17346 363.45959 283.57565 360.33801 263.71094 367.47372 273.3523 376.12616 290.05054 381.13956 287.89099 384.10342 295.71133 385.96341 308.7341 384.62344 309.97064
