1.31188347e+17 322 192 110 172
1.31188347e+17 324 186 108 174
1.31188347e+17 324 186 110 190
1.31188347e+17 328 176 112 172
1.31188347e+17 330 174 116 172
1.31188347e+17 338 162 116 180
1.31188347e+17 342 162 114 182
1.31188347e+17 348 152 118 188
1.31188347e+17 356 148 118 192
1.31188347e+17 364 144 118 178
1.31188347e+17 372 140 116 184
1.31188347e+17 380 140 116 182
1.31188347e+17 384 142 112 184
1.31188347e+17 386 142 114 186
1.31188347e+17 392 146 112 186
1.31188347e+17 390 152 118 216
1.31188347e+17 394 162 120 206
1.31188347e+17 396 176 120 184
1.31188347e+17 398 184 120 180
1.31188347e+17 398 204 126 156
1.31188347e+17 398 216 134 152
1.31188347e+17 398 234 140 136
1.31188347e+17 400 236 140 142
1.31188347e+17 400 244 138 142
1.31188347e+17 400 250 138 140
1.31188347e+17 400 250 136 142
1.31188347e+17 402 254 132 142
1.31188347e+17 402 256 132 142
1.31188347e+17 402 258 132 140
1.31188347e+17 402 262 130 146
1.31188347e+17 402 260 128 138
1.31188347e+17 400 264 128 130
1.31188347e+17 400 260 126 130
1.31188347e+17 398 256 124 132
1.31188347e+17 374 326 112 108
1.31188347e+17 374 334 112 100
1.31188347e+17 374 316 114 118
1.31188347e+17 378 354 88 78
1.31188347e+17 380 246 110 188
1.31188347e+17 378 248 106 186
1.31188347e+17 378 242 94 192
1.31188347e+17 374 240 94 196
1.31188347e+17 374 244 86 194
1.31188347e+17 370 244 86 194
1.31188347e+17 368 240 86 112
1.31188347e+17 364 240 82 112
1.31188347e+17 360 234 84 118
1.31188347e+17 356 238 82 114
1.31188347e+17 354 238 78 114
1.31188347e+17 352 238 78 114
1.31188347e+17 348 236 78 116
1.31188347e+17 346 238 78 114
1.31188347e+17 344 238 78 114
1.31188347e+17 342 238 78 110
1.31188347e+17 340 242 78 106
1.31188347e+17 340 244 76 104
1.31188347e+17 338 244 78 102
1.31188347e+17 338 246 78 100
1.31188347e+17 338 248 76 100
1.31188347e+17 336 250 78 98
1.31188347e+17 336 250 76 98
1.31188347e+17 336 252 76 96
1.31188347e+17 334 254 78 94
1.31188347e+17 334 260 76 92
1.31188347e+17 334 258 74 94
1.31188347e+17 334 260 74 96
1.31188347e+17 334 260 74 96
1.31188347e+17 334 260 74 96
1.31188347e+17 332 262 78 90
