375.08459 352.92218 385.96515 313.55063 360.21198 338.8378 353.84268 323.534 339.55695 307.37775 334.03436 292.92816 372.02155 271.32501 367.42453 235.64014 366.2973 219.25714 365.23874 203.87244 392.08783 274.2594 400.09076 269.23175 404.23117 278.33209 401.35025 298.60849 408.14123 280.34204 414.24878 290.03619 405.67548 309.65189 398.04861 315.83392 426.47818 292.89166 420.04086 300.05936 407.72794 310.07929 400.79807 315.61578
375.80756 352.44165 386.1875 312.87473 361.99997 338.11237 355.10803 321.91132 341.13767 305.50308 336.18039 291.06137 372.50708 269.40884 368.29199 232.40482 369.49551 214.87885 366.00366 201.6339 392.53485 273.59875 401.73697 266.99252 405.59427 277.47903 403.97076 296.54041 408.55698 279.85733 416.38846 287.20859 407.61163 307.09396 399.81647 313.67435 426.7901 292.62311 427.01483 296.36987 414.43915 306.47879 403.20984 313.44745
378.06183 351.44092 387.27322 309.82248 365.00787 337.08032 360.57404 317.63904 349.20752 300.70694 346.50452 285.78461 373.86249 265.50793 370.22229 226.02513 371.36331 209.3549 370.87357 196.59091 393.7182 269.92078 410.95547 259.97205 420.3205 268.54932 420.70078 287.54831 409.49667 273.83771 424.38397 281.24072 415.78323 301.63449 403.25067 309.99323 426.88754 286.6055 431.97339 290.71072 420.15445 301.3053 408.30997 309.37241
382.84561 346.02197 391.63412 297.41428 368.40756 331.08359 360.10281 316.29382 347.62143 305.38919 339.11948 291.40067 375.04556 253.79433 372.51694 216.56656 375.82901 203.25713 375.70496 191.99733 395.69318 257.1467 408.99124 248.51353 409.86401 275.14127 407.03488 287.86169 412.20599 262.82385 422.29471 275.47577 412.49252 294.74173 404.87665 296.20004 431.10886 275.06583 438.34604 276.12231 429.85132 289.34936 421.56128 297.52039
383.93365 342.90308 391.04916 297.0574 370.077 327.44757 362.69537 314.36511 354.56622 304.19623 343.47141 290.47827 375.08722 252.53166 372.33728 213.84192 377.95316 200.82861 383.39468 188.21933 395.45282 256.48959 411.82233 248.94409 414.54382 275.42206 408.28058 290.57764 411.62735 262.14105 424.41202 275.97568 414.03516 295.1716 405.09531 296.12198 429.96237 274.32504 439.56659 276.32663 431.41437 289.74963 422.4277 297.69086
387.06613 339.59112 393.06531 295.14838 372.98801 324.17154 367.87839 312.47562 359.63751 302.31671 352.4715 287.35104 377.68048 248.23634 380.13885 208.26808 383.67963 189.27905 387.03088 171.30629 398.5227 251.16081 412.35699 219.10873 421.4812 238.61916 419.117 258.0806 415.10355 256.59778 432.19556 268.79327 422.76392 289.7691 408.77033 294.00757 434.07394 268.71384 446.01553 269.34921 439.71875 284.08279 427.0806 295.61499
388.36304 338.98474 396.57895 293.5022 374.97574 323.72617 369.01367 312.95129 361.30026 303.16791 354.43414 288.27875 378.91934 247.87102 381.92017 207.65991 385.85367 188.61819 389.58246 170.56741 399.74982 250.86409 419.11502 224.87744 427.07599 248.67059 420.82315 262.41083 416.26209 256.37174 434.09912 269.42374 424.30011 290.35992 413.4393 292.12387 435.05542 268.58639 448.85318 268.5152 442.98801 283.21246 433.77539 292.70102
394.52594 335.67041 407.75549 288.36423 380.93927 322.02972 383.10855 313.34949 376.87985 306.6839 371.14889 293.12582 386.82837 242.36636 392.22766 202.93008 397.13403 185.45908 401.88061 168.55695 409.21973 244.34341 425.20056 222.9091 432.40863 246.89452 429.03204 266.16217 427.2525 249.16808 445.02222 255.81734 436.42566 278.91461 425.9776 283.95605 448.18579 260.87289 460.0227 258.60608 457.01968 276.3219 451.30933 287.78394
401.35638 334.53754 414.66528 287.46866 384.28098 321.48639 389.63919 313.73554 383.56235 307.15503 377.78497 293.22711 393.00207 239.91717 398.80533 199.00841 404.11432 180.81978 409.26685 163.16717 416.16037 241.88902 433.45389 219.7574 441.28619 244.78867 437.60617 264.79138 434.79944 246.82454 455.94769 247.85861 448.23908 272.55579 436.56506 280.52862 456.41757 258.86835 469.42883 256.72089 466.37451 275.14563 460.24359 286.9671
413.38864 331.80798 417.75967 285.84149 394.99893 319.20703 395.65704 314.44367 388.61954 310.21616 380.2998 295.73392 396.94006 237.01466 404.23004 198.66664 408.70584 178.40434 413.04865 158.74396 420.7796 237.40921 440.81149 217.08946 448.80829 244.90858 441.02667 265.05267 440.01996 241.17233 463.10406 247.48396 456.1394 273.353 440.03311 280.845 462.43012 251.99266 475.94211 255.96449 473.0983 275.15097 463.34845 287.07471
419.8067 332.09695 426.28 284.37653 400.8049 319.1882 397.50977 314.34119 390.52817 310.05713 383.12878 296.56293 402.55829 233.592 409.25714 196.77959 413.73331 177.38384 418.13382 158.31581 426.996 235.45491 451.09833 220.78175 456.84338 250.90509 447.35852 268.27484 446.6442 240.52872 468.75443 252.94276 461.05716 279.57288 445.74396 283.9603 469.46869 253.13695 480.91095 261.70602 478.11993 281.72949 469.26526 290.47412
425.44367 331.20148 428.6911 282.54236 405.80798 318.14957 420.32599 316.53232 407.62759 299.85895 398.09238 279.54364 406.66254 228.86394 413.6221 192.29831 418.15198 172.74237 422.6409 153.36316 432.38925 230.28229 456.52283 218.70392 461.40912 251.10663 452.31131 271.49951 453.08499 235.13809 474.20523 252.16937 465.83344 279.70319 450.19495 286.56387 477.04669 247.74409 487.00244 260.85055 483.78876 281.69489 474.79474 293.8248
427.10205 331.40201 431.05939 281.1424 409.05945 318.57297 421.36163 317.54663 409.47351 302.00787 399.84503 282.10455 405.40192 229.65915 412.66251 192.61714 417.43826 172.77519 422.17276 153.10452 430.97369 230.40652 456.7157 218.16419 463.04376 250.65628 456.18652 271.54077 451.56177 234.73718 474.93066 251.33519 468.59076 279.5972 454.966 289.7374 475.49252 246.73598 487.30463 259.66962 484.81805 280.69721 478.56811 292.9866
430.73492 331.65753 432.452 280.62894 410.32236 318.57398 424.7937 319.91812 413.62241 305.9866 403.93027 286.46323 406.50003 227.36662 416.7244 193.51021 422.61505 174.00421 428.51428 154.46999 432.5882 227.17201 461.51959 216.99217 467.37183 250.62164 460.56702 271.97644 453.58093 230.86867 478.10251 249.8887 474.18292 279.38412 460.1673 293.56021 475.94748 244.04054 489.94678 258.07461 488.49255 279.6359 480.6731 292.73142
432.23486 331.99051 435.28274 280.25491 413.05527 318.93793 430.41144 324.92404 419.28821 311.5838 409.9155 291.79886 407.15039 227.65082 420.11972 198.38501 427.32217 181.07985 434.62109 163.54295 433.56656 227.2364 462.87958 216.51488 469.47492 252.09958 458.46258 270.95673 454.83746 230.80313 482.88495 249.6691 480.26428 280.18988 466.4288 294.86115 479.62946 242.18012 494.9035 257.54279 494.43195 279.81436 488.58344 292.35257
435.04392 331.69058 437.60333 280.07629 415.00763 319.73273 434.15057 329.9892 422.94922 317.56528 413.9751 297.77206 409.99383 225.33687 422.74152 198.39316 430.30023 182.4169 436.28638 164.7774 437.77475 224.53671 468.20764 217.26912 470.4071 254.52008 460.93405 270.14813 460.08337 227.94653 487.24524 250.60104 485.19504 282.03949 471.42694 296.33722 485.89496 239.40622 499.69223 257.742 499.61603 280.66028 493.96265 292.68231
435.84994 332.67252 439.30151 281.87955 416.62747 321.27359 435.57272 335.61166 424.45819 324.74582 415.74091 305.34259 411.44647 229.9951 426.11847 204.38614 434.89435 189.06847 440.91742 169.60344 438.78235 226.68263 470.50555 220.65541 474.20734 259.98883 462.77478 273.42905 461.26373 230.02269 491.48639 254.73923 488.75641 286.96478 474.21942 300.35358 487.16669 241.46869 503.8949 261.36255 503.34097 284.84207 497.1716 296.18079
437.50552 334.25055 441.31143 285.75061 416.83499 322.45615 435.89096 343.08667 424.24469 333.33551 415.74332 314.21887 416.22388 230.80374 427.91721 210.46895 435.02014 198.11687 442.42181 185.24533 445.8631 230.44252 480.20261 230.99451 478.17627 268.2204 465.61414 280.43408 469.29755 234.38879 499.45328 266.53116 492.12686 295.20367 476.39987 307.18384 495.65045 246.74615 511.90625 272.34168 507.27747 292.46295 500.27118 302.99124
438.60568 336.13376 440.97052 288.41495 417.26062 325.26584 436.49023 348.33151 424.47131 339.33041 416.20953 317.09128 410.41303 234.91676 426.03171 212.63621 433.75427 200.3311 441.8201 187.47903 439.92352 232.6281 478.25311 238.73883 479.0495 276.24539 464.95721 283.32346 463.26416 235.10683 498.76202 266.96405 493.68109 300.27301 476.50027 308.9205 489.65094 245.83926 510.78403 272.15924 508.9148 296.56799 500.36883 304.17609
438.27286 339.52844 437.21612 293.57898 415.82797 331.67581 436.59534 355.12854 426.15341 346.90091 417.5629 327.98331 409.32523 237.91634 429.15668 226.11916 442.09634 216.92117 457.37506 210.07771 437.58978 238.7957 479.45807 242.48288 478.64197 284.33649 463.13858 293.2955 460.49536 241.42403 498.35303 271.51453 493.58478 305.49164 476.12408 314.58508 485.91156 252.40501 508.57568 280.10727 506.8161 305.13031 499.13779 310.77002
436.54907 347.26495 434.65811 311.28262 412.61078 342.87262 426.87079 352.5979 411.30676 336.90512 396.05228 315.1517 409.99551 257.26108 432.68387 242.48093 449.43707 238.03969 471.29651 242.57265 438.5542 253.91582 486.1286 265.52161 482.80829 307.5123 464.09699 314.48297 460.52417 255.60445 501.33923 293.08801 494.18713 326.59699 473.52573 336.58069 484.46301 265.33466 509.37872 295.771 507.43762 320.78629 497.05301 330.10745
436.32587 350.63678 436.20969 313.89591 411.93668 352.26279 431.67676 357.4187 425.27527 350.22992 416.15927 328.1814 410.87705 261.24097 435.2117 254.49127 452.69971 252.50601 473.46054 250.96486 439.58917 256.8985 488.0607 270.24557 485.00952 312.13553 466.08667 318.3942 461.70172 257.79712 503.44894 296.71823 496.47015 330.15289 475.65247 339.53796 485.82452 266.61084 511.40851 298.36493 509.62036 323.36554 499.15253 332.2041
433.7608 365.32419 437.65942 317.32672 413.22022 361.41943 425.181 356.70377 429.98062 351.38049 427.68426 334.46109 413.97937 267.47327 425.28354 235.85402 449.98651 246.11636 468.28388 277.66534 443.15106 263.01004 494.51843 289.97534 489.90979 330.92487 469.25748 327.9873 465.56964 263.85135 509.94565 300.99939 503.87891 335.1618 483.90533 346.86844 492.69354 277.48209 517.93854 312.91525 512.1488 330.29349 499.81766 333.69421
434.14355 369.20841 439.16055 323.71588 413.52399 365.15713 423.80633 377.50528 435.78186 379.32034 438.89035 365.8942 414.82813 272.4606 425.40924 239.47761 450.41592 253.11119 471.03409 282.63455 444.23392 268.50302 493.69754 300.61853 489.51862 335.64954 469.72174 337.59888 466.76111 269.83899 510.84503 303.97839 505.21899 338.21637 485.60352 350.45398 491.17401 279.36844 517.90558 314.61111 512.21435 335.37537 500.16138 335.32794
435.86792 377.17248 439.15836 334.34226 415.7384 372.92401 429.20474 385.75195 438.42145 382.67206 441.34549 369.2594 407.4191 288.02115 435.34921 284.25455 456.38745 287.38443 482.98615 315.85803 436.62402 279.97693 490.98267 304.36331 489.48392 343.2363 470.18817 344.33331 462.36359 275.03925 510.93988 312.17627 508.22226 345.91647 490.59259 356.54605 487.43713 282.60992 517.17737 315.94388 511.98837 335.66821 500.62323 336.3978
437.66824 380.14758 439.91537 335.7601 416.91489 375.79437 428.60101 381.44226 447.14996 375.31842 444.23639 361.45966 405.75708 286.26495 437.06867 288.47324 460.67541 300.30273 475.87228 334.75836 436.06049 278.95355 484.60205 309.85809 489.33371 349.5141 473.76361 353.96057 461.8049 275.77667 504.15283 310.82501 495.17957 341.30652 481.64945 347.87946 488.26324 283.34155 517.54395 316.17129 513.53796 333.66733 504.23663 338.71494
438.56714 382.4303 439.94736 336.9353 417.41278 377.94989 431.70966 383.38464 448.41446 376.991 448.9939 363.61487 405.55978 286.55899 440.7272 294.69934 463.45239 302.80493 478.70178 337.30057 435.94531 279.48029 484.07553 311.71976 489.41751 351.70673 475.9978 362.16638 460.05664 278.38876 507.7684 312.39709 495.03705 342.70373 482.36072 351.43487 488.15509 284.30701 517.56134 316.90411 514.7608 336.04315 506.44653 340.57126
442.05124 387.52686 441.10519 337.60556 420.12381 383.26926 433.45676 383.94019 449.2395 377.95636 447.34174 363.71924 405.78119 286.51563 442.79962 294.22852 469.08643 301.71075 482.15729 335.29541 435.83722 279.30148 486.54175 308.66504 492.87848 347.21838 478.19986 361.20477 460.86505 276.90039 508.35901 308.05395 505.57758 340.1481 486.11877 355.52927 487.85333 284.24896 517.646 311.21625 521.53088 332.08557 515.28406 340.83081
443.24432 388.89636 441.65158 337.9426 421.17697 384.27316 435.06354 382.23492 449.93619 375.95078 452.33392 357.48938 406.19476 286.11093 448.74692 302.35519 473.7796 313.84241 486.11304 348.33954 436.01154 279.09582 487.6886 307.90979 494.24957 348.01691 480.08856 361.96246 460.68246 277.07416 508.75659 307.44714 504.98096 340.06342 487.70215 356.58746 487.67084 284.50561 518.24616 315.03668 520.5448 333.22214 515.45136 340.43835
443.84753 390.0961 442.31754 339.80359 421.72626 385.19189 434.14414 382.68601 450.67017 375.49066 453.54224 356.8837 406.67749 286.25912 449.47974 306.37299 465.82398 342.71927 466.86762 376.39703 436.21753 279.41605 487.1723 309.164 496.58792 350.45432 482.18948 363.5163 459.56128 278.79044 508.11371 310.19403 504.66983 342.67029 489.24481 357.75946 486.37061 285.93024 517.98676 309.98224 521.89569 331.58466 516.55627 341.28021
445.55847 393.84595 442.42297 340.18698 423.16953 388.21048 434.15274 382.45844 450.59705 374.9516 453.53018 356.16385 407.63812 286.49606 448.33639 307.48718 465.04904 340.26117 469.59967 374.33258 436.27914 280.03983 486.47919 309.71979 496.05371 350.96201 482.46088 364.19031 459.18487 279.47562 508.01166 309.50568 502.99512 342.33517 488.4581 359.35483 485.95123 287.04498 517.84497 309.80545 521.99286 331.46994 517.28796 341.85623
445.91907 394.15442 442.23502 340.04816 422.58804 386.272 434.39487 380.18799 451.0029 372.05981 453.80676 353.45163 407.09772 286.88373 446.75778 308.18918 464.24103 337.18597 470.21362 371.03992 435.13443 280.86398 484.52075 309.76267 493.72302 350.45004 481.62149 363.13867 457.52289 280.57788 504.10126 308.55633 499.11066 340.98026 487.983 357.92248 483.63928 288.34424 516.08411 309.07202 519.94598 330.64081 517.01672 341.86707
446.9866 395.72888 441.30914 339.86813 423.48114 387.97504 433.38806 376.6698 448.10727 366.33374 452.16821 348.24417 405.17346 285.92346 443.1665 305.56045 463.08716 332.9809 473.14313 365.94461 431.20871 278.76743 479.9541 304.62845 488.56146 343.91928 478.56992 359.71756 452.89508 278.30652 498.82288 303.4075 494.83466 335.4119 483.60132 357.45666 478.39087 285.69357 510.35553 307.90182 514.15192 328.26895 512.99414 339.74994
447.09543 395.76071 437.31381 335.11978 423.60358 387.92154 429.40598 368.00806 442.43701 355.75864 446.45636 338.55392 402.92407 280.12524 441.508 302.14023 460.97324 325.4296 472.69842 358.85132 429.04938 275.06372 477.0799 300.36282 477.5918 334.53433 468.05698 347.95483 449.84265 275.36411 494.96887 299.90228 490.12228 331.20694 478.51636 351.64798 474.04034 283.47226 505.43512 305.01446 509.19995 325.66354 509.3877 339.66791
398.9895 391.85281 407.34155 338.08643 379.22705 377.56378 400.26767 368.50638 422.44199 360.11517 443.77972 347.92639 388.22256 279.5878 418.23227 311.96252 435.95557 331.08255 443.21228 360.81406 416.04663 282.04758 446.32346 318.28476 466.99597 345.83844 463.64801 377.40314 437.31479 288.11652 466.14868 322.6127 491.26587 343.07773 477.20319 376.56415 460.22046 302.60632 482.83002 331.4678 485.2627 348.05689 487.30579 361.98917
371.44107 348.62979 391.55939 312.18112 357.60339 337.75275 378.77753 344.44357 397.73831 349.06281 413.17966 343.16422 389.13477 267.19751 409.09134 314.86291 420.22171 341.44733 420.04053 364.0289 414.16486 271.22647 432.40524 323.48865 444.54059 358.25873 435.27362 381.68784 431.94788 277.48676 447.77014 326.5997 456.93066 355.03433 442.09067 378.99854 448.48871 290.095 453.22797 323.39203 455.67957 340.6167 453.78424 357.54697
373.70373 348.73877 392.99976 311.49381 359.71426 338.02408 381.22369 343.84473 400.46262 347.62939 417.51715 342.4548 389.69064 266.21127 414.01141 307.07333 427.49829 330.9664 429.87454 356.13977 414.61566 269.77106 434.35022 321.04874 447.42773 355.27591 438.81696 379.14987 432.39035 275.71838 465.45386 307.60495 457.14896 338.0314 435.89496 348.68314 449.07056 288.08084 454.88965 320.83768 457.84296 337.8136 456.55084 354.63449
374.51422 344.87018 394.67926 298.29553 360.46118 334.0596 383.88855 330.04425 403.49356 331.95047 422.23508 326.80234 390.49414 251.44066 414.37573 292.23145 427.93332 315.5423 430.31238 341.04938 415.39267 254.92812 436.72244 304.25055 450.81793 337.30798 442.83035 361.93323 433.20966 260.93802 465.9946 293.3157 457.66205 323.77103 436.31296 334.99109 450.06799 273.58951 457.02121 304.86511 460.50626 321.11258 459.83069 337.42749
374.92001 342.93323 394.67926 298.29553 360.83514 332.07465 383.88855 330.04425 403.49356 331.95047 422.23508 326.80234 390.49414 251.44066 414.37573 292.23145 427.93332 315.5423 430.31238 341.04938 415.39267 254.92812 436.72244 304.25055 450.81793 337.30798 442.83035 361.93323 433.20966 260.93802 465.9946 293.3157 457.66205 323.77103 436.31296 334.99109 450.06799 273.58951 457.02121 304.86511 460.50626 321.11258 459.83069 337.42749
374.23972 341.84302 392.33643 304.10089 360.09638 331.57654 377.89127 330.18292 398.14236 330.54907 415.8656 323.87933 379.10721 259.76373 411.43317 292.39948 425.50739 315.13135 429.0441 340.42584 403.27997 259.86569 427.78952 308.30118 411.76148 325.64255 400.45206 334.76324 420.7944 263.07651 441.94196 308.8009 422.06372 323.2981 404.46915 333.24521 437.81043 272.31531 453.55072 308.87698 453.27866 320.65894 447.64221 313.27463
372.8226 339.84103 385.72498 296.18167 358.85165 328.97324 378.29269 307.87415 378.30734 286.59229 397.25858 275.35562 382.31842 242.80922 399.04205 280.72082 400.2782 307.50143 393.91797 319.99496 405.50424 249.30336 425.48953 285.35599 412.89368 316.24448 398.82321 317.26398 422.18597 257.58652 436.0625 296.66141 416.7652 314.85123 401.67395 330.01706 438.06867 272.71008 439.75446 299.77582 429.32245 315.8949 417.43686 329.76746
446.32477 325.50696 425.22278 292.63385 422.08264 324.88437 400.28805 317.43155 370.31485 307.2327 356.0733 295.72055 378.17175 268.22589 368.7359 255.45932 375.10574 277.24356 383.57306 299.82977 402.35895 257.01614 417.12235 295.26257 429.53308 313.02142 427.90732 304.50424 424.46549 250.34784 440.34552 287.56906 448.81659 303.56259 445.69757 294.75876 454.32574 247.5939 453.31519 282.02216 450.62109 296.25595 448.03259 309.75528
444.81949 327.97687 423.82614 294.62393 420.60928 326.88501 415.41357 319.22888 385.81284 311.72 366.09018 301.50714 377.11984 269.41876 365.63983 284.91098 384.34534 302.25504 395.43509 302.49219 401.17944 258.64426 377.8786 241.96231 391.0068 269.31525 403.70963 284.61118 422.85135 254.08966 437.07141 291.60571 446.19656 305.44959 443.75418 297.00949 452.93344 250.09125 449.62881 283.45584 439.71887 295.49084 439.48685 287.89081
443.5282 327.00784 420.48584 294.24207 419.50595 326.15686 414.13019 316.39429 384.71472 309.44913 362.01355 298.47003 372.1622 268.15619 362.48703 279.95236 381.45813 295.92664 393.87433 299.57907 394.71686 256.6943 372.11203 237.71039 386.00855 262.43164 401.39477 280.90179 415.4852 249.77234 429.5578 281.91177 439.19159 298.76172 439.52332 295.74493 443.91229 246.59946 440.09875 276.4491 434.85406 288.01456 436.89081 284.67737
440.97864 324.45105 413.69467 285.32251 415.88187 323.38144 407.99674 306.17529 383.53943 298.38687 364.41364 293.62057 370.20154 262.16211 361.23199 271.39398 379.27832 287.07477 390.91333 292.75839 392.22082 251.20132 374.01407 237.46739 391.54315 262.37448 402.44955 275.004 412.2467 244.66776 426.48868 273.05176 435.04462 290.41309 434.88522 288.926 439.25305 241.8316 438.27686 268.82483 432.17871 280.96405 430.36105 275.75714
412.49182 326.96811 399.20081 294.15747 392.0816 324.91885 394.9776 313.05997 373.42462 303.63345 356.10663 293.60562 362.68133 267.41364 359.76028 271.80365 373.97348 289.33225 385.36066 291.18292 384.90634 258.8696 381.1745 248.47885 395.88989 274.81772 401.35049 286.04999 404.25372 254.54387 418.57581 273.55624 428.33179 291.64862 429.07596 287.76227 428.99383 254.52733 432.78372 276.65118 424.07861 289.13467 419.74695 285.50619
405.85263 326.38904 388.35651 287.4885 385.41626 322.20142 377.50668 300.85586 377.29602 283.52862 374.10724 266.39999 355.07513 253.11064 359.19183 264.62021 370.38635 281.61639 380.87003 293.61911 377.12695 248.05072 375.01382 239.93614 384.05563 262.07733 390.60434 279.43253 396.19784 246.82095 402.01508 234.68819 403.3721 258.4653 401.33237 272.07291 420.47839 250.94701 413.95563 267.8013 406.55161 280.33069 401.01813 289.24124
402.21814 325.68518 385.71954 287.49365 381.90033 321.17328 375.49814 301.06894 375.1933 284.09125 371.80292 267.29599 349.40723 255.40832 357.03449 265.86233 368.57873 282.49237 378.60236 294.25964 373.909 248.79266 372.21371 241.1524 381.81973 262.97876 388.52524 279.91116 392.69815 247.1696 398.69605 235.38588 400.5806 258.87659 398.6514 272.23645 412.97598 250.49973 408.05527 267.65762 401.16138 280.0603 398.435 289.04758
399.1463 325.11456 384.19089 287.13446 374.84146 318.47894 373.03174 301.62247 375.22226 285.48297 373.16184 269.2467 349.82568 253.79576 354.39438 266.01416 365.43451 282.7464 376.80579 294.13211 371.31732 248.80273 372.79343 249.40881 381.41382 274.11987 386.24674 288.55139 389.86264 247.54431 396.65796 245.28262 396.3877 268.75443 394.82892 275.14725 413.40286 251.4581 407.39993 268.64004 399.84711 281.23895 393.83633 290.8096
397.00256 325.02811 379.63358 287.95477 373.51025 318.72839 368.53857 304.10611 370.31421 290.35199 372.15176 276.00296 346.32288 258.1669 347.89832 266.54221 358.41693 282.25513 370.79233 293.85608 367.01572 252.9344 359.96399 233.85048 369.50308 256.41376 374.9888 270.33466 384.90308 251.35922 391.10394 245.53963 392.52646 268.20731 391.9848 278.2496 407.67075 254.6618 403.12763 270.68149 395.1539 283.87537 390.12439 293.54974
389.48526 324.6329 376.14993 290.24811 368.53723 318.73645 362.91565 304.9364 363.34033 291.68539 368.37521 276.94058 343.67923 259.27167 341.7673 267.64368 350.50336 283.35516 364.39923 294.4227 364.01703 254.99654 356.22534 240.8322 364.29614 264.35599 372.25912 273.47012 383.25858 252.77333 384.41711 248.94821 384.79474 271.12936 387.01886 279.90726 405.88675 256.4899 396.46417 273.92853 388.61939 286.4581 385.38684 295.3342
387.95538 325.20654 372.72098 291.86734 366.08578 320.44214 361.80078 305.10486 362.12799 291.02087 363.289 276.79547 341.93503 260.62537 340.45627 268.25766 349.45758 283.52799 359.5488 295.12997 362.0517 256.04419 354.38733 241.38698 362.83496 264.41751 368.21454 276.64612 379.51148 254.93404 382.45017 248.95245 383.22308 270.90781 382.23837 281.20261 401.83783 258.69553 394.72516 273.78561 387.13486 286.48145 381.00092 296.54877
386.01355 325.53854 371.04086 291.4147 365.43133 319.7912 362.44635 302.24585 367.91376 280.85791 371.26575 264.53195 339.73529 259.74737 347.08276 264.12149 354.10516 278.61054 359.20929 294.86066 359.46579 255.40219 361.02206 238.18472 370.68951 258.88837 370.05957 275.54196 375.43311 253.36507 385.26779 252.29631 386.08551 273.30438 382.23846 282.55191 396.23718 257.99231 400.72174 269.4527 406.16348 283.54697 407.2601 286.44409
382.87888 326.37744 369.35049 291.89291 362.98441 320.76169 359.918 301.70868 358.58225 281.28702 359.96533 264.97226 340.9212 257.92502 347.62201 264.25333 353.88046 278.66745 358.77908 294.79443 360.50076 254.71808 366.21976 248.46167 373.9191 271.48123 375.35092 283.35843 377.08075 254.80186 386.01489 261.87775 384.73581 282.84616 380.89584 291.68881 399.2915 261.98904 401.17334 271.18951 406.30814 285.40021 407.64987 288.46103
381.73767 326.9086 368.72226 292.33643 362.04196 321.1824 355.69812 300.91422 356.28986 281.7373 357.0007 265.38446 341.06085 259.48523 347.28803 262.85223 353.52307 275.52942 358.62729 293.69556 360.40967 256.53586 365.63168 248.84776 373.94418 271.50861 375.16968 283.44321 376.76367 256.8074 385.37643 261.85251 384.56879 282.69995 380.41553 291.76141 397.13556 262.18088 400.65594 272.62701 405.64017 286.77911 406.9953 288.88748
379.60535 327.91379 367.56494 292.75806 361.34631 321.57199 355.1301 301.27231 352.9982 282.19669 352.47864 265.77026 340.47168 260.16992 346.84375 262.45822 352.67984 272.52936 358.44025 292.95886 359.70373 257.11664 366.323 254.94867 374.81433 277.77786 375.17545 285.1192 375.96509 257.29181 384.93777 261.94617 384.31293 282.71042 380.10062 291.90732 394.74951 262.78622 400.11639 272.65466 405.16876 286.73367 406.53629 289.21875
378.9812 328.39703 367.25104 293.34259 360.79199 322.02777 353.11954 302.38544 346.6059 284.18857 348.39652 266.90826 339.09848 261.8255 346.23373 262.75253 352.42007 274.56793 357.68329 292.32129 358.11963 258.48828 365.02124 252.76564 373.77808 275.25754 374.81445 285.80347 374.22662 258.40912 383.76532 262.53781 383.91769 283.06769 379.8313 292.73062 394.37763 263.28723 398.83353 273.00674 404.06183 286.92114 405.79913 290.40399
378.62164 329.00162 367.21668 294.74713 359.39069 322.96551 352.54962 304.05093 347.48651 286.09784 348.22562 268.67648 339.41156 262.5896 346.29193 263.28867 352.48218 274.94171 357.70313 292.43579 358.4227 259.27368 366.6676 257.14505 375.07495 279.99765 374.9007 289.57141 374.52197 259.20953 384.23172 270.50641 383.64258 291.03491 379.2771 297.5993 394.66324 264.10269 399.04163 273.84604 404.25986 287.75446 405.82999 291.06055
378.33508 329.62576 366.8638 296.03604 359.25385 323.5766 352.09967 305.89337 347.83215 286.93774 348.17612 269.67856 339.60629 264.81998 345.7569 262.90262 352.06152 273.47104 357.94247 292.2334 358.53665 261.49301 366.77139 258.02542 375.20389 280.81238 375.13 290.43256 374.58063 261.40707 384.18014 270.7251 383.67395 291.22144 379.3526 298.65845 394.6799 266.25351 399.11584 274.46863 404.34201 288.37039 405.80219 291.64331
376.55487 330.35291 366.19428 296.13727 358.64349 323.745 352.05298 306.24799 348.17023 288.92337 346.77429 271.94635 338.06592 265.34531 338.6976 266.4317 342.89297 271.93909 356.13763 288.78458 357.77976 260.80615 358.28128 257.10938 361.58756 280.79257 361.24985 288.9039 373.84683 260.75855 377.32721 271.29041 382.5708 291.24893 379.60834 300.90067 393.9794 265.64902 395.67847 275.37228 403.8212 288.60339 405.67127 291.90704
375.24368 330.97614 365.7323 296.22589 357.45224 324.28796 352.0394 306.58682 348.048 289.47098 346.93832 273.94714 338.20135 264.65521 338.71906 266.46161 342.92004 271.97638 355.47809 288.33417 357.3288 260.89121 358.32434 257.12921 361.63446 280.83859 361.29501 288.95721 373.41013 260.85779 377.39087 271.32565 382.05551 291.2915 379.68811 301.19601 393.57059 265.76215 395.04694 275.86768 403.47604 288.78491 405.59613 292.11847
374.05072 331.60971 364.98166 296.90008 356.36456 324.81332 351.9635 307.60364 347.65555 289.80951 346.479 274.31464 335.48865 265.09903 338.07532 267.38876 342.30399 273.02292 354.77518 288.46179 354.4306 261.86298 357.66309 257.95514 361.09781 281.68927 360.80402 289.71314 370.58328 261.80859 376.83017 272.04837 381.45697 291.76034 379.47922 301.7587 391.58542 266.07532 393.19574 277.39862 402.5448 289.99564 405.38739 292.42957
373.31418 332.41068 364.14731 297.6853 355.67349 325.60068 351.40463 308.34348 346.63358 291.27908 346.22034 274.85745 334.94412 265.81006 337.51257 268.2496 340.56513 275.95233 352.07266 288.66516 353.89236 262.517 357.08997 258.76779 360.58639 282.51563 360.32272 290.48004 370.05689 262.41592 376.30869 272.80731 379.50973 292.89844 379.18268 302.3934 390.40482 267.2204 392.70276 278.08176 400.42291 291.04141 404.69959 293.50671
372.46063 332.99744 361.4671 298.29321 354.82642 326.28085 350.04739 309.29434 345.42023 291.95929 345.31305 275.76587 333.03519 267.45377 335.33453 270.35092 339.46637 276.29059 350.19159 288.65808 352.00736 263.99548 354.8649 260.73276 358.53769 284.52002 359.59204 290.96033 368.21817 263.75842 374.26385 274.61588 377.58331 294.77258 378.6571 302.86627 388.664 268.40274 390.80475 279.66846 398.63208 292.59558 404.15842 294.30499
371.70544 333.51773 361.06503 298.5531 354.0704 326.81299 349.58142 309.49179 344.89056 292.13464 344.90042 276.04288 332.67731 267.57342 334.85208 270.50287 338.91717 276.45969 349.59149 289.06836 351.6521 264.11801 354.37289 260.89148 358.0398 284.67981 359.10458 291.28073 367.86826 263.883 373.78497 274.77585 377.08902 294.93799 378.26273 303.22113 388.32455 268.53064 390.3598 279.82571 398.18866 292.75717 403.79074 294.55933
371.11929 334.0759 360.94788 298.93945 353.48096 327.41003 350.60632 309.14471 342.64243 292.91644 344.53146 277.00632 332.63342 268.01736 334.0181 271.52405 337.86624 277.55176 347.85934 291.17984 351.60919 264.51868 354.20154 268.81006 357.87216 292.2413 357.97638 293.52679 367.83594 264.24554 373.60465 275.1698 376.90002 295.34332 377.8504 304.14581 388.31702 268.84485 390.17819 280.16446 397.9328 293.16818 402.22955 297.3223
370.55365 334.52533 360.86002 299.22925 352.91849 327.87878 350.80563 309.3363 342.0946 292.98459 344.64236 277.31107 332.60413 268.31342 333.90329 271.88705 337.66504 277.94077 347.55841 291.56982 351.58054 264.78592 354.20154 268.81006 357.87216 292.2413 357.95746 294.24493 367.81439 264.48746 373.48431 275.43262 376.77389 295.61386 377.66965 304.50641 388.31195 269.05447 390.05704 280.39047 397.76169 293.44311 402.35049 298.11542
369.8942 335.02588 360.20679 300.5921 352.25134 328.40591 351.73428 311.33844 342.25052 293.35962 344.98206 277.72769 332.36514 269.23377 333.39877 272.88797 336.94305 279.02295 346.7186 292.75787 351.35455 265.68805 354.86343 276.55951 358.18198 299.19714 357.8985 299.37878 367.61005 265.37332 373.0043 276.43265 376.25427 296.64572 376.55872 306.56787 388.14597 269.9223 389.61859 281.34934 396.78894 294.74847 403.05374 303.70734
369.25153 335.56122 360.39459 301.15189 351.61749 328.90918 350.80676 314.90952 337.47122 299.38107 340.53046 285.99768 333.17807 270.40097 333.93921 274.71796 337.21359 280.99835 346.81244 293.40424 352.19867 267.53912 355.89191 275.92749 358.9115 298.88068 358.26202 300.25561 368.51132 267.28412 373.42511 278.55966 376.46683 298.87338 376.38199 307.71988 389.93079 273.73325 390.02719 283.49023 397.1087 296.85898 403.46536 305.17767
