1.31188348e+17 364 154 104 150
1.31188348e+17 360 154 104 150
1.31188348e+17 358 150 110 158
1.31188348e+17 356 144 108 160
1.31188348e+17 354 140 110 164
1.31188348e+17 354 140 110 164
1.31188348e+17 354 136 108 164
1.31188348e+17 352 132 112 156
1.31188348e+17 352 128 112 156
1.31188348e+17 350 122 114 166
1.31188348e+17 350 120 118 166
1.31188348e+17 354 120 112 164
1.31188348e+17 352 114 118 178
1.31188348e+17 352 110 122 186
1.31188348e+17 354 110 126 178
1.31188348e+17 358 104 124 188
1.31188348e+17 362 102 124 190
1.31188348e+17 364 100 124 192
1.31188348e+17 366 98 130 194
1.31188348e+17 370 96 132 204
1.31188348e+17 372 98 134 210
1.31188348e+17 374 100 136 212
1.31188348e+17 378 102 134 238
1.31188348e+17 408 108 106 168
1.31188348e+17 408 112 110 160
1.31188348e+17 380 122 140 210
1.31188348e+17 386 134 138 194
1.31188348e+17 390 150 140 202
1.31188348e+17 398 164 132 192
1.31188348e+17 402 174 128 186
1.31188348e+17 402 196 130 172
1.31188348e+17 410 220 122 140
1.31188348e+17 402 214 130 154
1.31188348e+17 410 218 120 146
1.31188348e+17 390 214 140 182
1.31188348e+17 402 222 126 150
1.31188348e+17 404 222 124 150
1.31188348e+17 406 222 120 154
1.31188348e+17 406 226 114 142
1.31188348e+17 406 226 114 138
1.31188348e+17 406 226 110 130
1.31188348e+17 404 226 110 130
1.31188348e+17 400 226 110 130
1.31188348e+17 398 230 106 130
1.31188348e+17 396 232 104 124
1.31188348e+17 394 232 100 124
1.31188348e+17 392 234 98 122
1.31188348e+17 392 234 98 122
1.31188348e+17 392 234 96 122
1.31188348e+17 390 234 94 122
1.31188348e+17 388 232 92 124
1.31188348e+17 386 234 88 122
1.31188348e+17 388 232 84 124
1.31188348e+17 386 234 84 118
1.31188348e+17 382 234 84 118
1.31188348e+17 378 234 84 106
1.31188348e+17 374 234 84 106
1.31188348e+17 372 234 80 106
1.31188348e+17 370 234 78 106
1.31188348e+17 366 234 80 110
1.31188348e+17 366 236 74 104
1.31188348e+17 366 236 74 108
1.31188348e+17 362 230 78 114
1.31188348e+17 360 234 76 110
1.31188348e+17 360 234 74 110
1.31188348e+17 360 234 72 110
1.31188348e+17 358 234 74 110
1.31188348e+17 356 236 72 108
1.31188348e+17 358 238 70 106
1.31188348e+17 356 238 72 106
1.31188348e+17 352 240 76 108
1.31188348e+17 350 244 76 104
1.31188348e+17 352 244 72 100
1.31188348e+17 348 246 74 98
1.31188348e+17 346 248 74 96
1.31188348e+17 346 250 72 98
