419.93668 300.07367 419.0191 264.67743 403.65671 288.02905 395.48111 267.32172 387.77191 248.55136 382.21573 233.09911 403.66843 227.5972 400.02316 197.39725 399.40479 181.89812 401.75009 167.66739 421.11401 230.52188 420.65637 196.30426 428.92471 194.34129 435.27914 194.13528 434.51602 235.40126 440.3371 205.4731 449.25958 201.33896 454.1969 212.14416 450.02332 245.73557 457.50714 251.23956 461.14197 263.05512 462.66455 274.59018
415.85889 298.85028 416.1965 263.26938 402.8056 287.48148 388.26901 267.67337 378.6712 251.45242 371.52856 236.66673 401.76642 225.98019 395.53094 192.79868 395.47662 177.40404 397.38016 165.36954 418.47998 228.55415 422.20938 192.64188 431.05487 195.62537 441.67511 200.22678 430.62305 231.17702 440.40167 204.65008 451.27426 206.51193 459.06323 219.54634 445.25989 241.10986 457.35785 250.29862 459.11267 263.15549 454.13464 263.95566
415.16782 298.47363 414.24359 261.48221 401.90747 287.31329 400.2262 270.22128 386.28769 252.0946 373.9856 237.37219 396.35742 224.47908 394.74139 192.64854 394.19174 176.80188 394.50195 162.42166 414.01733 225.9252 422.42914 192.36777 430.24139 198.41991 436.24713 203.07254 428.26999 229.6353 442.00263 204.41046 449.89319 208.95178 453.0639 223.23735 444.88342 238.78468 458.52759 228.10522 457.09756 240.92021 451.41162 250.42454
414.65594 298.63757 412.45645 262.25452 401.18277 287.60602 399.4147 272.53503 385.47141 254.28589 374.4328 238.22244 395.01263 225.1572 392.44666 192.9456 391.28854 176.5292 391.34082 161.74087 412.72311 226.51553 410.70386 191.64861 420.01953 192.3094 427.20789 192.81931 427.04651 230.16705 430.26663 198.79605 439.09558 197.42204 444.71008 212.01031 443.81787 239.27254 457.68631 227.57649 457.13336 239.73035 451.89429 250.37512
414.00775 298.49188 411.2247 262.08432 398.58368 287.49597 398.34195 272.36737 384.3768 254.24962 374.3338 239.70256 393.19922 223.12584 391.10144 190.18095 390.13214 173.27559 390.29562 158.08566 411.49112 224.39137 413.78128 189.25604 422.94009 194.74307 430.00037 198.97288 426.24622 228.0414 431.45319 196.48375 440.16431 196.48149 444.98026 212.10068 443.42978 237.2738 457.73282 226.38171 457.43707 238.74489 452.28876 250.36894
413.51712 298.38162 411.06076 261.73434 398.06281 287.44742 397.98084 272.31091 384.00769 254.23738 373.99121 239.61443 393.19922 223.12584 391.10144 190.18095 390.13214 173.27559 390.29562 158.08566 411.49112 224.39137 413.78128 189.25604 422.94009 194.74307 430.00037 198.97288 426.24622 228.0414 431.45319 196.48375 440.16431 196.48149 445.07196 212.13135 443.42978 237.2738 457.73282 226.38171 457.43707 238.74489 452.25488 250.38399
412.51123 298.37601 410.83762 261.31686 396.32471 287.69672 396.18591 273.19397 382.43515 254.42494 372.61456 239.43275 393.94598 222.78682 391.87671 189.12183 390.94165 171.84033 390.22281 157.33879 411.80606 224.4281 418.36694 190.74458 428.00726 198.60928 431.73776 201.05515 426.59534 228.21414 431.50815 199.66623 441.42908 209.44391 444.73648 227.19783 443.78479 237.63463 458.62714 229.77806 458.44171 242.33853 452.40125 251.50931
410.85187 298.3866 411.22382 261.67856 395.88309 288.14795 396.97082 273.27817 381.33795 254.99112 371.51968 239.53738 393.56653 222.47466 391.15375 188.53461 390.04904 171.10672 389.0249 154.9501 412.09308 223.96127 417.89938 189.83197 428.10031 197.58575 435.85022 204.24939 426.98593 227.85721 431.25266 198.65071 441.66242 208.33644 445.19287 226.17888 444.27371 237.49277 458.88849 228.60591 459.0683 241.23921 453.50525 252.81081
410.42307 298.73447 410.86993 260.73492 395.28616 288.38721 396.7027 271.50339 380.72653 252.489 371.1658 238.11865 392.60837 220.8981 389.94699 186.23883 388.72504 168.44189 387.59244 151.94669 411.29526 222.29698 417.21256 187.27206 428.1864 194.76965 436.54065 201.26169 426.31726 226.16629 433.26849 197.32242 444.36841 209.02206 446.24728 226.18524 443.7851 235.8457 459.23438 226.28867 459.83484 239.02379 454.2088 250.93245
410.42957 298.82626 411.21222 259.03409 395.50867 287.88614 396.41635 270.67087 379.62225 251.84192 368.97766 235.99756 393.08344 218.33908 390.79217 182.93466 389.76865 164.73379 388.81924 147.85147 411.91559 219.90697 418.58264 184.18491 430.16708 191.80611 438.98489 198.4137 427.00464 223.95729 434.96857 196.10791 446.32162 208.06146 448.63092 226.40549 444.47803 233.92194 460.90888 224.20491 461.65729 237.13348 455.73764 249.23039
410.23755 298.72647 411.25311 258.97873 395.45779 287.64566 396.01526 271.13742 378.64002 252.61473 368.61621 236.64123 394.27835 217.28256 393.43396 181.42619 393.10901 162.71301 391.61084 145.56277 413.12295 218.81476 422.08987 183.52362 433.22913 192.83086 439.86017 202.37804 428.1243 222.8745 437.6571 195.66313 449.39966 208.52719 449.71674 227.09592 445.32892 232.89729 463.10889 224.36436 463.90857 237.83054 456.39819 249.85353
410.99264 296.99631 413.92422 248.96065 396.34662 286.00763 388.06934 268.07129 376.92987 257.50082 368.46988 243.95274 394.4397 209.69093 396.60132 172.50009 398.31143 153.35158 399.9111 135.43973 412.94684 208.90778 428.51596 177.53578 437.10281 194.93901 445.8606 206.66693 427.7417 211.16182 445.39758 193.55853 453.22076 211.05127 450.66132 227.31563 444.85663 219.12157 454.05209 229.15506 442.55395 240.82808 434.07794 243.2314
412.32391 294.741 415.04675 247.22192 397.47525 283.55649 388.14761 265.68494 375.48779 250.80981 367.77301 240.16689 394.69943 207.54996 396.4343 169.90039 397.90427 150.49678 399.27988 132.33817 414.54828 204.40308 428.8075 171.86322 439.91727 189.36728 448.48328 205.27321 430.30859 206.5907 446.41846 188.09613 457.22156 207.05406 453.64664 226.68861 448.68854 214.63698 456.50116 224.72594 444.86871 236.84692 435.41986 241.35423
414.09155 292.60065 416.74823 245.44626 400.50534 280.52698 391.25986 267.64774 372.10577 256.32553 357.19461 242.78638 393.18945 205.91252 396.44098 166.03812 398.32336 146.65411 400.25916 127.99889 412.47815 203.41254 401.19223 162.31287 406.30991 141.17093 410.22092 125.01389 428.1359 204.44394 447.883 185.2197 458.88138 205.07504 456.10306 223.00673 446.7196 211.25023 458.8811 221.19431 449.38281 235.49066 438.89645 239.08749
416.04086 290.00372 417.70624 244.63457 401.54129 279.87936 392.8313 268.75742 377.40805 261.31375 360.50995 245.65559 395.17719 206.29452 396.39123 165.68901 401.24249 145.64177 405.89371 126.96034 414.4483 202.25409 404.17209 159.7739 407.38403 136.43118 416.48541 126.82844 429.04074 203.27109 451.4812 184.63388 460.81805 205.09456 458.59906 222.61107 447.40594 209.37639 460.30164 221.22131 450.90192 235.90825 441.74536 239.00624
422.01807 285.61826 420.35718 244.87463 407.39188 278.87097 396.64526 270.51764 383.19995 260.68597 370.46118 246.75723 398.6983 207.186 401.12231 164.92477 404.99915 143.7149 407.53967 125.48134 418.24713 202.8998 407.24619 159.31619 410.68829 135.51492 414.92792 122.14286 433.99985 202.63533 456.21689 183.7052 468.90143 204.40428 463.66895 222.62058 452.47351 208.12323 467.92584 221.30072 458.39728 236.94685 445.15884 239.66249
423.45096 286.38217 424.48615 247.26675 408.96335 280.12497 398.69784 272.67911 388.33835 266.09149 373.24097 249.51244 403.57513 210.14523 403.26379 166.42454 418.0752 168.03326 424.33765 187.15387 422.97589 205.09404 412.73007 160.23819 417.2872 135.97198 421.0535 117.49816 438.46551 204.28647 463.51502 186.48048 476.36289 208.08511 470.03394 224.24498 456.38336 209.22418 472.82272 220.88127 468.95142 236.92835 452.2308 240.53853
425.31082 287.17401 425.57141 248.52789 409.43658 280.87006 423.08188 273.03424 402.62604 259.65286 385.20837 245.77191 403.26233 209.91577 406.36087 165.89591 410.20053 143.54422 413.83731 122.3735 422.797 204.8793 412.12619 159.7264 416.57108 135.24042 427.55325 125.65874 438.34137 204.10071 463.69083 186.82051 476.16141 208.83949 470.92206 225.25075 456.22516 209.09653 477.56085 221.28932 468.3223 237.75067 455.91727 241.73494
428.11768 289.38477 426.77646 248.98294 412.40167 283.55487 426.09772 275.39929 405.49927 261.29294 386.58218 246.09262 407.77106 209.19865 413.06247 164.03888 417.96545 140.97279 422.62735 119.04077 428.33673 204.47288 418.66498 157.03671 424.20285 131.64085 436.83347 123.01634 444.50195 204.05844 472.04016 188.26689 483.65448 212.0359 476.0361 228.63571 462.72183 209.66954 484.32159 224.63998 473.66156 241.28066 457.78729 243.49098
428.35111 290.11829 429.16901 250.32164 413.31717 285.36093 414.29053 278.5387 398.34686 265.99338 383.3523 250.10765 408.82645 210.18173 416.07584 164.8927 422.19428 141.45048 425.28564 119.05818 429.04477 205.05354 421.79105 157.31497 426.38019 129.92364 430.00861 108.86935 444.86111 204.35417 474.33395 189.46794 485.94074 213.44931 481.13123 231.25201 462.57788 209.66901 485.16467 225.54161 474.68445 242.45872 461.16965 245.56105
429.46033 292.12311 431.396 252.80785 415.00281 288.48026 416.43417 283.14197 398.9996 268.25507 383.79483 252.12662 413.13928 213.73764 420.08676 166.22257 426.67606 142.14571 430.46408 119.07794 434.08484 208.02617 426.42468 158.19118 431.35291 130.112 432.58392 108.65779 450.36108 206.98355 482.68494 193.84921 494.29773 219.10422 485.62036 234.6787 468.3974 212.09204 492.09094 230.49899 481.0257 248.05977 464.27795 248.51775
430.17099 294.69061 434.50525 257.34967 415.66565 290.71094 417.09024 286.71838 400.48871 274.44189 385.20056 257.90231 415.01651 216.54146 426.04407 171.35338 433.90341 147.06415 437.15051 121.33296 436.27441 210.76486 432.74329 162.64031 439.15418 134.46121 439.66513 110.47023 452.71185 209.68779 489.47787 201.99269 500.29959 228.27594 490.88391 241.17897 470.76916 214.78032 497.14825 238.64778 485.03705 256.14093 468.45129 254.02783
430.28742 296.65891 435.65787 264.16504 416.13409 293.54483 412.13422 296.91071 405.91101 288.53183 398.49707 273.57138 421.82742 233.64217 425.94842 184.16779 431.0636 158.71063 436.80597 134.68167 440.85312 224.57993 439.14459 176.12918 441.16925 145.79036 442.73151 122.38036 455.12988 220.82165 447.27277 175.9928 470.51892 182.46407 483.21387 204.94525 471.63934 220.05695 497.89368 246.72539 490.50592 265.86432 473.20062 270.85303
431.8891 306.29709 435.61365 280.51623 417.95172 311.22919 411.51834 309.94946 418.48953 307.31314 420.37317 295.69263 421.54883 247.37082 425.86481 198.50851 431.05408 173.46301 436.86179 149.84161 440.92261 237.93144 439.24698 190.3779 441.25989 160.71597 442.81393 137.81584 455.48187 233.8078 447.64026 189.7182 470.66919 197.06406 483.27582 219.57704 470.74335 235.04755 498.09814 260.46503 490.44775 279.65567 473.14273 284.1478
441.57007 309.01932 427.94904 256.52716 422.96668 299.48379 421.71652 262.89887 438.69367 230.76036 440.70615 203.76187 395.2467 206.89209 421.07816 176.15614 435.87442 158.55057 450.62939 140.99411 414.49371 204.67355 454.38464 181.21982 473.79547 207.68488 480.47931 231.47073 430.23096 206.57483 467.12491 181.62888 484.23694 204.08769 491.32953 228.68646 449.55795 215.34511 485.21326 197.57889 496.996 202.49768 491.5574 218.13025
444.95511 319.6337 432.55707 277.08261 428.65161 310.83878 403.04846 306.87936 400.6575 287.48657 389.97534 266.42368 403.34656 226.90128 427.08618 186.25714 440.44592 163.38428 452.09021 140.93022 416.70221 223.70216 460.10309 190.01021 478.61609 218.95479 487.29895 242.49628 427.82086 224.99275 469.32764 193.91954 484.96652 217.96292 493.24731 244.19168 441.95956 233.11618 481.72229 214.6174 497.83929 219.67172 495.79797 235.62807
444.41184 325.58313 431.81137 280.18475 432.47675 326.35135 401.73901 310.70282 400.39889 297.74676 390.67673 271.74942 404.36664 229.36946 433.0195 193.32526 448.66449 171.4779 464.14304 149.86293 417.70096 226.05568 465.66626 197.96278 482.46515 228.9128 488.41501 247.91405 428.6723 227.32254 474.31158 201.73791 488.44421 227.33414 494.00748 247.83572 442.40857 235.51788 484.72494 222.44508 500.95862 229.21921 496.84277 240.58536
447.31986 338.31726 432.97351 287.54364 434.09924 330.87695 407.02573 326.83142 407.5278 310.52005 394.57919 283.66022 407.01797 241.18828 434.49939 200.97893 449.36084 174.7868 464.80859 152.70749 419.48352 236.45334 466.13892 200.68755 484.0318 231.60057 491.87073 256.19739 429.84198 236.7655 474.52661 204.10063 489.50409 229.61353 496.64801 255.31424 442.93323 240.97575 484.9697 224.45808 501.78574 231.03564 499.35346 247.74229
441.46545 328.5751 436.5296 293.36893 439.45282 340.66827 443.79492 327.06036 436.89954 316.34638 422.12396 303.3168 419.91602 266.0914 438.68744 224.0125 449.53876 200.11157 460.31421 176.37778 426.80191 248.8448 475.75177 219.446 496.51422 247.67601 501.39502 269.70017 431.28278 238.04302 474.55206 204.8645 492.45636 228.98451 498.23743 250.75296 440.55826 235.23233 485.83551 228.84895 504.88809 236.25078 508.85437 259.19748
448.2406 338.25803 439.67246 296.95725 441.32709 342.35068 446.29327 329.5242 437.63348 320.14981 421.60312 308.159 422.35233 268.54248 441.76694 226.40688 452.98737 202.4695 464.13052 178.69685 428.6698 251.02608 488.20264 234.84026 500.60767 265.20386 499.08496 286.42279 432.70593 239.79015 475.66513 205.53262 494.32129 229.20499 502.59692 253.46806 441.97723 239.39067 487.72351 232.92007 508.6387 241.31001 510.50909 260.92108
447.91504 335.29175 444.41333 301.99417 446.82581 345.55722 457.46283 338.96878 447.08908 334.49326 429.4917 326.4361 427.07764 283.90762 437.4183 243.80103 443.51962 220.84302 449.60901 197.92981 432.73608 263.19409 488.56027 244.15273 502.01135 268.72949 501.33398 289.26984 438.05035 250.76256 477.74225 210.44461 496.0058 232.32866 507.32993 254.71208 443.67075 241.9706 489.08563 234.48659 510.21387 242.76598 512.45703 262.48837
453.04312 340.5227 443.16132 301.58905 449.48309 347.40399 456.46481 325.63922 458.84741 296.79837 448.77344 273.55371 409.87415 269.72858 418.95633 229.92319 451.3523 234.43649 481.50925 238.63786 419.22095 255.13917 481.13281 251.94083 498.21417 280.80768 503.16602 296.94257 427.99274 247.7702 476.52521 217.27251 496.70398 242.58418 509.19531 258.08817 443.19595 244.54246 485.83844 249.01166 507.7569 259.14087 516.66663 270.54233
455.05994 341.76144 444.54022 303.11484 451.0697 348.55158 455.91284 325.59888 457.88287 296.69583 447.54102 273.50555 408.94128 270.00366 417.43539 230.13023 449.79715 234.41605 479.93744 238.40765 418.34091 255.41336 480.03061 251.78102 497.40195 280.53885 502.64105 298.37503 427.18314 248.02766 474.24103 220.48465 495.65033 242.35841 509.87299 258.99924 440.02277 246.32388 484.58984 246.53839 506.94812 255.50928 514.37824 266.09952
460.1882 345.81174 443.68628 304.37997 452.56119 350.20239 456.3548 327.86813 457.95044 299.31903 447.3009 276.37061 403.99844 277.95074 407.46088 238.01747 439.79819 240.34668 476.64496 239.78131 415.63928 259.21158 478.05041 253.04884 496.32278 281.47699 501.78336 302.41287 424.81702 251.5145 471.50015 224.24857 489.73288 250.87553 504.8465 272.60465 439.10803 248.268 483.11249 246.85846 504.70996 253.0069 514.6543 266.64301
461.78809 346.99121 443.63983 305.57913 453.61939 351.42059 456.36929 329.05743 457.60809 300.68945 446.69074 277.90601 403.24008 278.40216 406.22736 238.49539 438.52918 240.6114 471.96948 241.12112 413.05875 263.12286 475.06433 254.27187 495.4238 281.88202 501.33319 302.76508 422.52713 255.07044 468.91492 228.12769 489.61096 250.29376 509.83511 267.20792 437.53253 250.43501 480.66586 246.32599 503.69196 253.26363 514.65814 266.95435
463.24316 347.92166 444.0256 306.30145 454.63843 352.30768 456.90537 329.66058 458.06891 301.38138 447.10028 278.63937 404.99591 276.16089 437.26202 244.44251 462.77942 258.76623 459.16309 276.81671 414.77811 261.11331 476.39087 254.02463 495.53098 282.12085 501.97253 301.16205 424.9115 252.17329 468.52582 223.11472 491.07404 241.8546 507.05914 264.82275 438.53107 249.92551 481.9892 247.09746 504.81686 254.62825 515.07776 267.25543
464.26465 348.55762 444.55402 306.46884 455.28699 352.85535 457.03278 329.83334 456.79746 304.86157 444.51642 283.09686 404.93796 276.30222 436.82941 244.4722 462.02225 258.40888 458.42859 276.40753 415.47354 260.29657 475.96899 254.16975 495.26794 282.14954 501.8096 301.41791 424.75287 252.56187 469.86685 228.86114 490.59784 250.86757 509.90155 268.23398 438.43509 250.30553 481.68793 247.13942 504.42224 254.8514 515.4093 268.85809
466.4046 349.42722 444.59708 308.08197 455.68765 353.4711 456.78809 330.23868 454.14258 305.85825 443.25207 283.64093 403.48733 278.49042 441.78101 254.10246 461.93652 269.70975 456.54288 279.70563 413.20462 263.43356 472.76544 255.65697 494.36993 282.2998 500.81873 303.04495 422.59842 255.51755 468.63165 229.80852 489.53003 251.47455 509.00073 268.98502 436.61905 252.93341 478.68899 247.07077 500.73621 254.93314 504.08173 271.70898
468.93573 351.60004 443.38373 310.90637 457.59229 355.50299 455.78656 332.54492 452.40845 307.64603 442.78311 284.6983 400.69247 281.59509 439.98224 255.35223 460.34244 270.63632 451.7167 287.09558 409.94299 266.49493 470.88373 256.29324 493.36096 282.55924 500.05527 303.19696 419.06811 258.45429 463.06924 233.74031 488.51953 251.89237 508.07538 268.3988 432.94684 255.56804 461.17862 235.50908 483.95831 237.64758 495.84634 252.36679
470.61182 353.52219 442.39459 311.40408 458.49097 357.08804 454.96173 333.27731 449.71973 308.90375 442.39148 284.78024 398.60193 282.7323 439.05804 257.75827 457.80139 273.7821 449.70184 288.55615 407.81284 268.24585 464.96634 258.41742 484.98578 284.91776 491.53497 305.10718 416.90057 260.61313 461.90985 234.7397 484.29922 254.27586 505.86755 271.99817 430.73218 258.08807 460.61398 236.77516 483.09631 239.23607 494.65891 254.12872
470.8692 355.14404 438.09708 313.32425 458.00714 358.07108 451.11395 334.35791 443.78232 309.62631 438.57825 286.42847 395.08472 281.87146 438.33737 259.05176 455.15338 276.02966 446.25812 290.18933 404.96085 268.45636 460.56827 259.86923 477.81867 287.23846 485.80194 306.44385 414.45459 261.60233 459.65894 238.54886 480.95071 258.43884 502.7099 274.1561 428.56708 259.91531 462.52234 244.62856 483.9563 250.9988 494.46033 269.05746
470.00952 355.67651 436.00491 313.37949 457.03149 358.47803 447.90942 332.89615 442.03928 309.26697 436.9429 284.77893 394.95804 281.03079 438.13641 258.28711 454.6943 275.31696 443.68182 290.48407 404.69705 267.92914 460.03583 259.44037 477.01782 286.75922 480.49103 306.9986 414.05908 261.30365 459.50165 238.92624 479.44928 260.41367 499.13617 277.2727 427.97687 259.85513 460.53647 241.08586 482.22498 245.56862 493.10526 263.51569
468.87283 356.11115 432.73389 311.99008 455.72006 358.65192 444.45404 329.47565 436.04919 306.69806 433.32486 283.10834 393.76401 278.12469 435.75858 255.78398 451.77341 273.04297 441.55969 289.11194 403.71777 266.33066 457.46454 258.29681 473.76364 285.49518 477.87598 306.2345 413.15994 260.64414 458.20331 239.89497 477.71936 260.19345 496.35666 278.98773 427.02557 260.17041 458.53925 241.13603 479.6022 245.42496 490.09711 262.61087
467.05328 356.03235 430.74823 311.88034 451.05225 358.41641 441.16721 329.66339 432.46887 307.57004 430.18042 283.69446 391.34552 279.5907 432.00757 257.72024 447.92539 274.44064 439.33142 289.17007 401.28186 267.8118 453.66208 259.83051 468.23663 286.82111 469.55981 306.3269 410.71393 262.04523 454.51331 241.6438 473.78558 261.44223 493.11823 279.21494 424.5693 261.34638 455.12042 242.68294 475.72113 246.84706 486.78265 261.18613
464.09512 355.91486 428.49149 312.0835 446.82523 357.41806 439.04193 330.32251 430.08945 309.03098 426.63031 283.92859 390.21741 280.414 428.47455 259.96802 444.42957 275.93823 436.25916 289.49173 398.33926 270.08597 448.99292 259.59463 463.36182 285.94476 467.64056 305.10413 407.41754 264.0191 450.05054 243.19949 469.3938 262.23648 489.2511 279.40424 420.95947 262.82162 453.52997 251.45386 473.11273 258.45407 479.74066 273.24963
459.12433 355.40637 426.24976 312.58746 444.89191 356.22018 437.56506 328.88599 429.16663 307.0148 425.29565 284.72882 387.02603 283.00311 425.0177 259.79608 442.08936 274.61017 435.16327 290.26138 395.9184 271.215 444.44934 257.60513 460.41232 282.89477 462.83905 303.65671 404.6618 265.23688 444.13046 241.4563 464.52353 258.79697 484.9118 276.48373 417.94086 263.9523 449.87924 249.64622 466.00284 252.31992 477.09909 269.74011
457.90741 354.04578 425.57013 312.31464 443.47177 354.43219 438.07669 327.40537 429.77002 305.49225 425.17679 282.82541 386.03622 285.16211 421.96204 260.2644 440.34168 273.32608 434.95987 289.41763 393.98215 273.20441 441.45404 258.56714 457.55579 282.83884 459.81036 301.33896 402.1319 266.93304 439.34702 241.17302 460.35028 257.00772 481.39795 274.03305 414.97974 265.03168 444.38135 247.57638 463.99561 251.28078 475.15781 267.59332
457.88678 353.41885 425.63129 312.23474 443.82574 353.9234 438.41351 327.08875 429.84955 305.2673 425.49805 282.3887 386.03027 285.55557 421.52524 260.27557 440.00256 273.10382 435.05701 289.19998 393.81738 273.57929 441.17685 258.87799 457.22513 283.01144 459.47195 301.43137 401.87396 267.26233 439.12231 241.65741 460.00195 257.45062 480.55798 273.70093 414.66901 265.25424 443.74921 247.47807 463.3352 250.9389 474.20038 266.53452
454.87787 351.36447 423.25226 310.12616 441.75165 352.32794 429.25894 321.1308 422.46429 299.17145 424.70313 279.35709 382.20233 277.59921 422.63477 260.17755 436.27481 275.36331 427.79483 289.31506 390.77588 266.99313 437.67905 257.01004 450.73508 281.63541 456.18799 300.90884 399.16898 261.74844 438.34119 241.95499 456.07581 257.85574 476.28912 273.01666 411.85974 261.03238 443.06198 248.6514 462.52298 257.11703 471.10001 265.86459
452.29291 349.85712 416.91425 306.17377 438.98758 349.40695 428.03265 320.34601 421.78033 298.25259 420.97278 275.18814 381.80164 276.89682 422.17676 259.78903 435.38904 275.05512 426.74915 288.93903 390.13806 266.7012 436.79816 257.05148 449.39334 281.61395 449.52966 299.43579 398.30109 261.76385 434.68442 238.39813 453.22253 255.11166 469.65707 270.78394 410.64728 261.38031 442.88495 251.84352 460.7561 258.51575 467.08637 272.19275
448.74667 347.39804 414.73032 305.1915 435.69617 347.24762 425.00488 318.40228 419.50674 295.91336 419.42352 273.17017 381.18204 273.05872 421.16516 258.70834 433.61298 274.31302 424.79767 287.94309 390.10941 264.59412 435.61636 257.12295 447.18552 281.71796 446.80872 299.38193 398.5307 260.96933 432.18485 236.61346 450.2998 253.08838 465.97546 268.91895 410.14703 261.897 443.47668 257.8523 459.28686 267.48242 462.75363 277.50873
445.99365 345.99142 413.81635 305.05948 428.65881 344.1477 423.32101 317.77631 417.86481 295.58563 417.8862 273.36996 381.11398 274.65118 419.93686 259.40546 432.08511 274.80566 423.51508 288.11188 389.72909 265.95917 434.35086 258.11914 445.54901 282.29767 445.13782 299.62119 397.93948 262.10095 431.35828 238.12888 448.94391 254.39395 464.16974 270.02316 410.04144 262.83902 442.33008 258.38165 458.09164 267.71027 460.76697 281.19489
439.31958 343.81995 412.5249 304.78119 426.302 342.73306 422.15067 317.0979 416.61768 295.50165 416.36172 273.81549 380.26151 275.50797 418.08032 260.10413 430.10406 274.96274 421.87527 288.07428 388.44367 266.83164 432.03027 258.59042 443.27371 282.06338 443.09128 299.00513 396.33426 262.89877 428.76938 239.03375 446.16562 254.70894 461.23776 269.78272 408.09668 263.40955 439.70041 258.64954 455.23523 267.57239 458.02197 280.72119
436.65662 342.92065 411.2753 304.50067 424.01578 341.55716 419.21094 315.9574 412.48123 295.30722 413.42511 274.37732 378.29431 274.95438 414.22305 258.58319 426.92667 272.92816 420.83679 287.06061 386.51211 266.52908 428.09827 255.77936 440.79117 278.4083 442.80173 296.77673 394.40356 262.74323 426.23712 239.34818 443.2782 254.83014 459.6637 269.89502 406.11737 263.35098 437.34982 259.75537 452.3385 268.96268 454.67505 281.85703
434.18561 341.89926 408.77872 303.68048 421.92334 340.42786 415.80283 315.20239 407.73059 295.45529 408.95953 274.24795 375.99463 274.68262 409.9075 257.46277 423.33371 271.32065 418.32776 285.53821 384.45914 266.51801 423.94751 253.42523 438.06177 275.23966 440.85352 294.09735 392.51471 262.88724 423.62842 240.02472 440.31787 255.35226 456.34647 269.8363 404.36539 263.60565 435.07834 261.21478 449.51675 270.73541 453.06122 282.37012
430.33871 340.64517 402.89453 302.0553 417.23795 338.71875 406.80682 312.8728 400.68192 293.41309 402.3197 273.97611 373.2533 272.6601 406.97064 257.16379 419.51251 271.19644 413.02618 283.99609 381.8635 265.04547 420.87921 253.78548 431.24258 276.16016 435.46631 292.11758 389.90128 261.82718 421.16339 240.69611 436.81989 256.31122 450.33157 271.25559 401.49036 263.00699 429.42365 262.34387 442.56036 272.59006 446.62647 284.14004
422.15179 341.10059 398.81317 302.94495 411.01819 338.35629 404.19547 313.14606 397.75714 292.66776 395.9743 273.14142 376.62811 266.81244 390.10318 230.37633 406.4444 238.67868 407.51828 257.02399 386.58368 264.4686 421.57495 248.47368 431.39297 273.86902 431.31604 290.53699 395.00195 265.47369 417.70395 237.80644 434.51764 251.04909 447.96985 268.70892 405.84332 271.74216 434.53561 274.90707 437.93027 290.02023 439.77777 303.20581
411.1626 342.96381 397.1456 303.60904 400.49112 337.88355 399.38571 313.56689 392.64877 292.37048 389.271 273.31101 374.65442 267.25012 388.01535 231.10228 404.19766 239.40749 405.25055 257.62936 384.60324 264.8129 419.26706 249.04457 429.1449 272.01959 429.41199 290.05585 393.01358 265.72659 415.4932 238.3546 432.16586 251.52242 445.77094 265.46069 403.83756 271.85898 432.24347 275.10831 435.6105 290.09961 437.44516 303.1716
413.17914 341.69272 393.4884 302.99478 398.53717 336.90613 389.91339 310.02814 385.6777 288.20013 387.57028 269.30035 370.74912 265.9451 387.58154 233.52982 402.40576 247.39693 401.65482 261.63974 381.86881 262.66986 416.63355 251.70415 425.10245 274.77631 423.66211 291.43048 391.22653 262.8295 414.93176 239.91238 429.85306 254.31612 442.74481 268.47318 403.15656 267.95764 429.2406 273.65161 432.84344 288.57318 436.65479 302.20349
411.66882 341.38342 393.27234 302.38397 397.37061 336.33249 388.97311 310.31397 383.91104 288.758 385.34775 269.90735 370.49042 266.00568 387.86069 234.09244 402.04108 247.33012 401.00421 262.71683 381.61865 262.7287 416.29703 252.33797 424.38052 275.47952 422.86786 292.12555 390.99176 262.88385 415.04733 239.66235 429.25662 253.86005 443.77979 267.12509 402.95581 268.00165 428.84479 273.05765 432.56726 287.98465 436.19693 301.67557
407.02747 341.59125 392.08289 301.46973 393.33194 336.00027 381.41663 310.88495 380.08566 289.15161 384.03473 270.17688 369.40704 266.11386 387.46515 235.69003 400.15414 247.89317 397.99323 265.37595 381.19601 263.03757 414.65594 254.41362 421.43774 277.79529 419.48727 294.30176 391.06818 263.3425 414.19223 240.03819 428.00299 255.12013 442.76245 267.66641 403.56125 268.63702 428.47385 273.48151 432.10068 288.44659 435.56345 301.98926
405.66864 341.44867 391.1564 301.66144 390.79541 335.07571 380.89767 311.11865 377.07996 289.6091 382.58719 270.67044 367.31805 266.54022 384.67313 236.72818 396.78824 248.82828 397.2392 265.45746 379.72882 263.92801 411.86295 255.58878 417.59973 278.92129 418.27338 294.37137 390.02423 264.57239 411.31293 240.79469 427.02725 255.10321 439.82849 268.95252 402.87109 270.23456 426.7901 274.05698 426.82068 290.15976 427.383 302.81397
402.55981 341.67676 390.1366 301.77173 388.86584 334.24524 380.11887 311.58905 375.95502 290.50824 379.5376 271.96396 366.25064 267.12299 383.20303 237.26744 395.60693 249.2195 396.11014 265.76123 378.3653 264.22598 410.50726 255.5941 415.68649 278.44452 417.00415 294.37881 388.44449 264.63333 409.47034 240.77377 422.17001 254.81407 438.49933 268.68393 399.25873 270.03778 423.25513 274.9162 425.30331 289.43906 426.04495 301.97949
400.5798 340.82111 386.70975 302.25732 388.02362 334.22015 378.84955 312.17917 374.22247 291.76596 377.41818 273.14655 365.15466 267.91364 381.64706 238.19405 394.38727 249.94257 392.92151 266.71445 376.79211 264.76709 409.19925 256.95404 413.25253 280.65491 411.90863 295.69116 386.49469 264.95401 406.63791 240.59419 420.98593 254.31584 434.10214 267.28473 398.68536 270.00757 422.51251 275.00467 424.57031 289.44019 425.32788 301.89426
399.93481 340.67725 386.26794 302.37457 387.3905 334.27771 378.46451 312.4545 373.75607 292.19943 375.48651 274.4483 364.50955 268.36655 379.6583 239.28409 392.38501 250.85879 392.26346 267.02966 376.18494 265.04114 407.48117 258.5296 412.66519 281.3613 411.07193 296.24472 385.93152 265.07929 398.47662 239.78095 416.53003 252.4885 429.59146 266.647 398.19543 269.94836 421.92438 274.98834 424.03369 289.34134 424.89374 301.72165
398.71863 340.32892 386.01511 302.93176 386.88586 334.62357 377.6554 313.56281 372.78949 293.67725 375.10406 275.30972 363.38489 269.72174 379.45569 240.18517 393.29703 250.77255 392.43918 267.47345 375.09589 266.06912 406.77966 258.0899 413.5791 280.28037 411.2608 295.94931 385.67526 265.64731 403.3497 245.96268 417.69458 259.69315 424.47531 275.12412 397.99133 270.40347 421.61703 275.53412 423.54089 289.7919 424.15564 302.00937
397.5968 340.2366 384.75207 303.08398 383.83466 334.7131 390.63699 310.2818 383.15317 292.63025 373.72391 278.89957 363.01312 270.11221 379.65811 240.75546 392.41797 251.86415 392.15445 268.26166 375.12366 266.09589 406.45511 258.1727 412.33578 280.78625 410.87354 296.01144 385.01712 265.85831 403.77548 242.74326 418.18341 256.3385 423.78232 271.66049 397.39636 270.38568 420.35895 276.70721 421.70944 290.65085 422.34686 302.16638
396.59354 340.02527 384.13217 302.82489 382.89917 334.46014 390.25391 309.41269 382.82315 291.66733 372.75623 278.39758 362.80359 269.70627 379.69855 240.83998 393.09201 251.45703 392.15088 268.37576 374.83932 266.06711 406.42136 260.29602 410.90759 283.02197 407.7204 298.0108 384.8035 265.83481 404.99439 246.98653 418.08304 261.63113 421.07617 275.23312 397.17365 270.36169 420.24554 276.42612 421.08978 290.74731 421.46207 302.18698
394.77179 340.09372 383.30505 303.04352 381.92194 334.40549 389.58862 309.76767 382.14682 291.7207 372.42493 278.07718 362.48727 268.88858 379.819 241.57442 392.25613 252.58395 392.01526 268.67398 375.19684 266.18631 406.05121 264.17575 408.31735 286.97476 406.24524 299.59598 385.15576 266.08154 407.5434 249.68533 418.99512 265.52625 415.99713 279.30151 398.2959 271.92822 419.67999 278.95471 419.7099 292.62277 418.20801 303.67059
393.04797 340.30258 381.28351 303.37588 380.58084 334.56073 388.84235 310.3139 378.76868 293.11261 370.88089 278.80872 362.36169 270.14807 378.94647 242.87093 390.8212 252.96591 391.38562 269.30981 374.97818 266.69504 405.1561 262.84384 411.93903 281.36035 411.29074 296.23679 385.85849 268.34128 402.35083 248.68344 417.83084 264.62598 415.69806 278.74484 398.48392 273.8884 419.207 279.45276 418.99603 293.09512 417.94754 303.83539
391.61841 340.58371 381.09164 304.88916 378.54889 335.0293 387.00678 313.21759 378.237 295.50003 369.55859 280.42163 361.75766 272.84183 375.60098 243.70644 388.0614 251.98839 389.96057 269.16934 374.58865 270.15698 403.4986 267.65167 407.42673 289.20618 403.63117 302.26874 385.01755 270.62064 402.25378 250.37424 416.66092 265.55713 415.4148 279.27924 397.59226 275.88483 417.83606 285.42667 417.11237 298.63254 415.91034 306.34039
390.56635 341.40115 379.92966 310.18103 377.47354 336.17471 387.21726 316.81183 378.53998 301.63473 369.67783 285.59723 359.23392 280.41431 370.16458 250.21346 382.96091 256.9826 388.16901 269.94571 371.85516 277.12677 401.91205 269.64609 406.0076 291.72833 402.99338 305.05145 382.24609 277.06876 398.02747 256.33405 413.23926 268.0607 414.30945 282.14047 395.01312 281.65195 416.58615 287.04611 416.68674 300.40503 415.16376 311.0831
389.67447 341.40747 380.30289 305.8035 377.92523 335.80377 373.4462 312.64972 370.09045 292.82971 364.28857 279.28363 360.57913 273.17957 375.24915 244.10652 384.97449 255.11462 387.9422 270.57034 373.73453 269.76306 401.83069 270.27261 406.12311 292.28546 403.14307 306.82507 384.12506 270.04855 408.15585 260.18115 416.12256 276.57706 412.26181 286.74548 396.73883 275.0734 417.15863 281.91916 417.15677 295.43701 415.5802 306.09049
388.7489 341.43616 379.63782 305.50314 376.93613 335.86386 372.13348 312.83252 368.40579 293.08029 362.35318 278.95462 359.16721 273.08246 372.91656 246.77472 383.59564 257.83246 385.51697 273.95074 370.58969 269.15057 400.09949 272.82837 405.16 294.64429 403.11572 309.45438 382.28555 269.09811 406.46078 260.02588 414.63312 276.34512 411.53339 287.42932 395.03272 273.79865 415.38736 280.15713 413.93793 293.71783 413.98285 305.45557
387.93485 341.49262 378.87549 305.46582 375.98447 335.91455 371.37039 312.93579 367.29535 293.14523 359.10492 278.11276 354.00473 273.61829 356.99173 250.34621 371.7334 259.28198 375.11914 272.5766 366.89246 270.04767 384.52606 251.91244 396.82333 270.202 392.88516 282.67899 377.66376 269.70783 403.11047 261.1712 403.6803 280.83463 393.60712 291.022 391.17841 273.87405 410.49942 279.27643 413.16357 293.17566 413.31323 304.92413
387.1467 341.35992 378.07013 306.849 374.99518 335.88147 371.12585 313.37207 366.97546 293.61404 360.50198 278.99771 350.70691 275.68982 357.50085 256.99149 371.88318 266.84445 375.08789 276.04309 364.05273 271.53506 383.52801 254.08061 394.48062 274.99951 391.78281 284.57181 376.77588 270.13135 400.23785 262.82028 403.98074 280.99664 395.07388 291.37943 390.70697 273.8938 409.71549 279.24869 412.69424 292.87592 413.05869 304.43344
